ds,day_ahead_clearing_price,realtime_price,load,wind,solar,interconnect,bidding_space,renewable,task,target_day,decision_day,info_cutoff,hour_physical,hour_business,period,model_name,y_true,y_pred,pred_day_ahead_price,traded,profit_per_mwh
2026-06-01 00:00:00,400.0,296.643,63568.2925,20531.2525,11.6,17238.5,12660.44,20542.8525,da,2026-06-01,2026-05-31,2026-05-31 15:00:00,0,24,17_24,TimeMixer,400.0,441.3047790527344,,,
2026-06-01 01:00:00,360.0,365.425,62153.1425,19470.2425,12.8,18214.75,11648.85,19483.0425,da,2026-06-01,2026-05-31,2026-05-31 15:00:00,1,1,1_8,TimeMixer,360.0,422.384521484375,,,
2026-06-01 02:00:00,352.613,356.766,60403.3875,18000.0875,12.1,18203.25,11381.45,18012.1875,da,2026-06-01,2026-05-31,2026-05-31 15:00:00,2,2,1_8,TimeMixer,352.613,401.1028747558594,,,
2026-06-01 03:00:00,363.975,355.431,58997.6075,16140.4525,12.5,18362.75,11675.405,16152.9525,da,2026-06-01,2026-05-31,2026-05-31 15:00:00,3,3,1_8,TimeMixer,363.975,389.4466857910156,,,
2026-06-01 04:00:00,387.378,322.16,58306.5325,14034.6075,12.3,18441.0,13012.125,14046.9075,da,2026-06-01,2026-05-31,2026-05-31 15:00:00,4,4,1_8,TimeMixer,387.378,354.76348876953125,,,
2026-06-01 05:00:00,396.5,359.101,58908.2725,12253.87,42.8275,18425.25,15379.825,12296.6975,da,2026-06-01,2026-05-31,2026-05-31 15:00:00,5,5,1_8,TimeMixer,396.5,360.46435546875,,,
2026-06-01 06:00:00,376.25,362.442,60521.0325,10824.8125,1177.2125,19782.75,15929.7575,12002.025,da,2026-06-01,2026-05-31,2026-05-31 15:00:00,6,6,1_8,TimeMixer,376.25,405.0038757324219,,,
2026-06-01 07:00:00,100.0,34.998,59231.97,9471.93,4618.1675,22604.5,9734.6225,14090.0975,da,2026-06-01,2026-05-31,2026-05-31 15:00:00,7,7,1_8,TimeMixer,100.0,289.0115661621094,,,
2026-06-01 08:00:00,-70.0,-53.391,57053.2425,8060.2175,9894.59,23231.25,3123.185,17954.8075,da,2026-06-01,2026-05-31,2026-05-31 15:00:00,8,8,1_8,TimeMixer,-70.0,150.5519256591797,,,
2026-06-01 09:00:00,-70.0,155.503,55404.1975,6886.0175,15341.655,21785.75,-1340.725,22227.6725,da,2026-06-01,2026-05-31,2026-05-31 15:00:00,9,9,9_16,TimeMixer,-70.0,-37.52482223510742,,,
2026-06-01 10:00:00,-75.0,-74.006,52232.135,6213.605,19788.67,19803.25,-6304.89,26002.275,da,2026-06-01,2026-05-31,2026-05-31 15:00:00,10,10,9_16,TimeMixer,-75.0,-106.95088958740234,,,
2026-06-01 11:00:00,-75.0,-70.772,52965.7825,5818.94,22595.34,18915.5,-7095.4975,28414.28,da,2026-06-01,2026-05-31,2026-05-31 15:00:00,11,11,9_16,TimeMixer,-75.0,-140.5131378173828,,,
2026-06-01 12:00:00,-75.0,-80.0,52004.3875,5520.07,23906.0975,18778.5,-8931.78,29426.1675,da,2026-06-01,2026-05-31,2026-05-31 15:00:00,12,12,9_16,TimeMixer,-75.0,-129.31353759765625,,,
2026-06-01 13:00:00,-75.0,-48.675,48133.1025,5212.01,23966.345,18870.0,-12646.7525,29178.355,da,2026-06-01,2026-05-31,2026-05-31 15:00:00,13,13,9_16,TimeMixer,-75.0,-97.18505859375,,,
2026-06-01 14:00:00,-75.0,-70.535,49869.2825,5133.3,22860.0125,19093.75,-9949.28,27993.3125,da,2026-06-01,2026-05-31,2026-05-31 15:00:00,14,14,9_16,TimeMixer,-75.0,-121.78014373779297,,,
2026-06-01 15:00:00,-75.0,-80.0,52357.135,5314.7575,20252.735,19872.0,-5813.8575,25567.4925,da,2026-06-01,2026-05-31,2026-05-31 15:00:00,15,15,9_16,TimeMixer,-75.0,-43.10212707519531,,,
2026-06-01 16:00:00,-49.34,-80.0,56616.005,5755.225,16034.66,20961.5,1133.12,21789.885,da,2026-06-01,2026-05-31,2026-05-31 15:00:00,16,16,9_16,TimeMixer,-49.34,129.1006317138672,,,
2026-06-01 17:00:00,310.77,195.515,62909.085,6349.8825,10476.0625,22054.25,11224.89,16825.945,da,2026-06-01,2026-05-31,2026-05-31 15:00:00,17,17,17_24,TimeMixer,310.77,306.7587890625,,,
2026-06-01 18:00:00,398.5,550.118,68725.975,7147.135,4811.985,23777.5,20166.605,11959.12,da,2026-06-01,2026-05-31,2026-05-31 15:00:00,18,18,17_24,TimeMixer,398.5,452.4657897949219,,,
2026-06-01 19:00:00,514.873,562.554,73097.8075,8396.66,1117.75,23749.25,27007.6475,9514.41,da,2026-06-01,2026-05-31,2026-05-31 15:00:00,19,19,17_24,TimeMixer,514.873,473.7726745605469,,,
2026-06-01 20:00:00,505.875,547.537,75455.8675,10115.1525,30.07,22658.25,29825.895,10145.2225,da,2026-06-01,2026-05-31,2026-05-31 15:00:00,20,20,17_24,TimeMixer,505.875,480.9677734375,,,
2026-06-01 21:00:00,501.375,608.046,74108.5375,11762.1275,12.2,21836.25,27671.46,11774.3275,da,2026-06-01,2026-05-31,2026-05-31 15:00:00,21,21,17_24,TimeMixer,501.375,479.9468688964844,,,
2026-06-01 22:00:00,446.875,613.371,71544.965,13293.875,12.7,20453.25,24958.64,13306.575,da,2026-06-01,2026-05-31,2026-05-31 15:00:00,22,22,17_24,TimeMixer,446.875,513.0206909179688,,,
2026-06-01 23:00:00,431.5,514.696,69346.56,14412.445,11.6,18884.25,23211.765,14424.045,da,2026-06-01,2026-05-31,2026-05-31 15:00:00,23,23,17_24,TimeMixer,431.5,452.2668151855469,,,
2026-06-02 00:00:00,411.5,424.837,66235.8925,14977.5325,11.6,17302.5,21117.76,14989.1325,da,2026-06-02,2026-06-01,2026-06-01 15:00:00,0,24,17_24,TimeMixer,411.5,455.5536193847656,,,
2026-06-02 01:00:00,475.25,404.257,64207.3,14990.43,11.9,19762.25,16636.22,15002.33,da,2026-06-02,2026-06-01,2026-06-01 15:00:00,1,1,1_8,TimeMixer,475.25,438.15789794921875,,,
2026-06-02 02:00:00,400.0,354.302,62893.4325,14549.0375,12.0,19768.0,15757.895,14561.0375,da,2026-06-02,2026-06-01,2026-06-01 15:00:00,2,2,1_8,TimeMixer,400.0,411.88104248046875,,,
2026-06-02 03:00:00,400.0,341.615,61754.745,13852.8425,11.7,19802.0,15281.7025,13864.5425,da,2026-06-02,2026-06-01,2026-06-01 15:00:00,3,3,1_8,TimeMixer,400.0,394.65875244140625,,,
2026-06-02 04:00:00,411.5,335.385,60896.78,13008.9775,12.7,19810.75,15257.8525,13021.6775,da,2026-06-02,2026-06-01,2026-06-01 15:00:00,4,4,1_8,TimeMixer,411.5,371.0250549316406,,,
2026-06-02 05:00:00,433.67,369.238,61463.675,12166.9625,46.6175,19622.25,16821.345,12213.58,da,2026-06-02,2026-06-01,2026-06-01 15:00:00,5,5,1_8,TimeMixer,433.67,370.524658203125,,,
2026-06-02 06:00:00,367.5,272.422,62133.455,11289.655,1413.38,21046.5,15577.42,12703.035,da,2026-06-02,2026-06-01,2026-06-01 15:00:00,6,6,1_8,TimeMixer,367.5,421.0955505371094,,,
2026-06-02 07:00:00,86.0,-80.0,59664.2675,10065.22,5561.3475,24695.25,6539.7,15626.5675,da,2026-06-02,2026-06-01,2026-06-01 15:00:00,7,7,1_8,TimeMixer,86.0,285.162353515625,,,
2026-06-02 08:00:00,-29.0,-80.0,57333.12,8461.9125,11567.755,25110.25,-550.7975,20029.6675,da,2026-06-02,2026-06-01,2026-06-01 15:00:00,8,8,1_8,TimeMixer,-29.0,137.6900177001953,,,
2026-06-02 09:00:00,-70.0,-80.0,55326.8325,7212.52,17103.6375,23052.0,-4772.825,24316.1575,da,2026-06-02,2026-06-01,2026-06-01 15:00:00,9,9,9_16,TimeMixer,-70.0,-36.45197677612305,,,
2026-06-02 10:00:00,-74.988,-80.0,52129.3675,6576.7625,21250.1625,21379.5,-9808.5575,27826.925,da,2026-06-02,2026-06-01,2026-06-01 15:00:00,10,10,9_16,TimeMixer,-74.988,-97.64092254638672,,,
2026-06-02 11:00:00,-75.0,-80.0,53060.835,6216.9125,23583.8975,19848.5,-9319.975,29800.81,da,2026-06-02,2026-06-01,2026-06-01 15:00:00,11,11,9_16,TimeMixer,-75.0,-130.19932556152344,,,
2026-06-02 12:00:00,-75.0,-66.698,52939.6825,5876.1575,24439.485,19613.0,-9720.46,30315.6425,da,2026-06-02,2026-06-01,2026-06-01 15:00:00,12,12,9_16,TimeMixer,-75.0,-105.69844818115234,,,
2026-06-02 13:00:00,-75.0,-59.163,49009.885,5577.22,24309.4875,19613.25,-13221.5725,29886.7075,da,2026-06-02,2026-06-01,2026-06-01 15:00:00,13,13,9_16,TimeMixer,-75.0,-75.32029724121094,,,
2026-06-02 14:00:00,-75.0,-56.988,51183.9875,5387.11,23204.6925,19750.25,-9889.565,28591.8025,da,2026-06-02,2026-06-01,2026-06-01 15:00:00,14,14,9_16,TimeMixer,-75.0,-117.42711639404297,,,
2026-06-02 15:00:00,-70.0,-75.992,53589.2375,5430.4,20588.7225,19953.5,-5114.885,26019.1225,da,2026-06-02,2026-06-01,2026-06-01 15:00:00,15,15,9_16,TimeMixer,-70.0,-37.60566711425781,,,
2026-06-02 16:00:00,-30.0,64.24,58034.0825,5741.44,16267.0825,21162.5,2131.56,22008.5225,da,2026-06-02,2026-06-01,2026-06-01 15:00:00,16,16,9_16,TimeMixer,-30.0,121.47897338867188,,,
2026-06-02 17:00:00,312.175,463.308,64635.1175,6309.735,10548.38,24231.0,10742.0025,16858.115,da,2026-06-02,2026-06-01,2026-06-01 15:00:00,17,17,17_24,TimeMixer,312.175,299.1964111328125,,,
2026-06-02 18:00:00,455.7,636.413,70477.2375,7228.7475,4785.135,25879.0,19761.605,12013.8825,da,2026-06-02,2026-06-01,2026-06-01 15:00:00,18,18,17_24,TimeMixer,455.7,453.7829895019531,,,
2026-06-02 19:00:00,546.81,594.886,74789.315,8605.4575,1119.1525,25774.0,26464.205,9724.61,da,2026-06-02,2026-06-01,2026-06-01 15:00:00,19,19,17_24,TimeMixer,546.81,471.58209228515625,,,
2026-06-02 20:00:00,546.75,510.564,77639.8725,10165.775,31.8,24847.0,29768.7975,10197.575,da,2026-06-02,2026-06-01,2026-06-01 15:00:00,20,20,17_24,TimeMixer,546.75,477.22894287109375,,,
2026-06-02 21:00:00,551.5,521.208,76700.5025,11524.0625,11.3,23057.0,29281.64,11535.3625,da,2026-06-02,2026-06-01,2026-06-01 15:00:00,21,21,17_24,TimeMixer,551.5,484.7651672363281,,,
2026-06-02 22:00:00,545.75,521.952,74308.615,12417.2025,11.9,21617.0,27436.0125,12429.1025,da,2026-06-02,2026-06-01,2026-06-01 15:00:00,22,22,17_24,TimeMixer,545.75,515.951171875,,,
2026-06-02 23:00:00,521.0,493.448,71600.08,12875.27,12.6,19987.25,25898.46,12887.87,da,2026-06-02,2026-06-01,2026-06-01 15:00:00,23,23,17_24,TimeMixer,521.0,454.4937438964844,,,
2026-06-03 00:00:00,500.0,615.833,67735.0225,12998.0875,11.4,18536.0,23363.035,13009.4875,da,2026-06-03,2026-06-02,2026-06-02 15:00:00,0,24,17_24,TimeMixer,500.0,455.0612487792969,,,
2026-06-03 01:00:00,494.0,516.964,67722.6825,11864.5675,12.6,19530.0,23609.015,11877.1675,da,2026-06-03,2026-06-02,2026-06-02 15:00:00,1,1,1_8,TimeMixer,494.0,438.156005859375,,,
2026-06-03 02:00:00,447.0,471.11,65746.605,11612.245,12.1,19530.0,21885.76,11624.345,da,2026-06-03,2026-06-02,2026-06-02 15:00:00,2,2,1_8,TimeMixer,447.0,413.8210754394531,,,
2026-06-03 03:00:00,440.0,429.557,63826.375,11316.245,11.9,19530.0,20261.73,11328.145,da,2026-06-03,2026-06-02,2026-06-02 15:00:00,3,3,1_8,TimeMixer,440.0,383.2019958496094,,,
2026-06-03 04:00:00,445.5,434.58,62616.88,11012.2475,11.51,19530.0,19356.6225,11023.7575,da,2026-06-03,2026-06-02,2026-06-02 15:00:00,4,4,1_8,TimeMixer,445.5,381.0149230957031,,,
2026-06-03 05:00:00,412.5,481.472,63182.1775,10712.045,33.535,19361.0,20369.0975,10745.58,da,2026-06-03,2026-06-02,2026-06-02 15:00:00,5,5,1_8,TimeMixer,412.5,368.30426025390625,,,
2026-06-03 06:00:00,413.2,478.715,64286.2975,10211.7125,927.8625,20823.75,19616.4725,11139.575,da,2026-06-03,2026-06-02,2026-06-02 15:00:00,6,6,1_8,TimeMixer,413.2,403.712158203125,,,
2026-06-03 07:00:00,274.313,317.513,64883.6825,9345.2725,3496.25,24590.5,14748.91,12841.5225,da,2026-06-03,2026-06-02,2026-06-02 15:00:00,7,7,1_8,TimeMixer,274.313,287.68902587890625,,,
2026-06-03 08:00:00,232.64,389.433,66791.265,8350.29,7483.3125,24902.75,13410.9125,15833.6025,da,2026-06-03,2026-06-02,2026-06-02 15:00:00,8,8,1_8,TimeMixer,232.64,143.34591674804688,,,
2026-06-03 09:00:00,276.0,465.032,67746.0425,7668.73,11866.3,22662.25,12917.2625,19535.03,da,2026-06-03,2026-06-02,2026-06-02 15:00:00,9,9,9_16,TimeMixer,276.0,70.1302261352539,,,
2026-06-03 10:00:00,95.5,482.101,66591.725,7610.97,15498.96,21138.0,9712.295,23109.93,da,2026-06-03,2026-06-02,2026-06-02 15:00:00,10,10,9_16,TimeMixer,95.5,31.734445571899414,,,
2026-06-03 11:00:00,4.5,488.563,65908.635,7765.9325,18279.0975,19475.0,7757.105,26045.03,da,2026-06-03,2026-06-02,2026-06-02 15:00:00,11,11,9_16,TimeMixer,4.5,-7.762838840484619,,,
2026-06-03 12:00:00,30.5,477.629,63208.0,8036.2975,20044.51,19176.0,3319.6925,28080.8075,da,2026-06-03,2026-06-02,2026-06-02 15:00:00,12,12,9_16,TimeMixer,30.5,32.177818298339844,,,
2026-06-03 13:00:00,8.5,388.951,58326.6325,8222.8175,20462.5875,19150.25,-2140.5225,28685.405,da,2026-06-03,2026-06-02,2026-06-02 15:00:00,13,13,9_16,TimeMixer,8.5,24.734115600585938,,,
2026-06-03 14:00:00,6.56,202.338,60841.9975,8442.3375,19219.1125,19319.75,1229.2975,27661.45,da,2026-06-03,2026-06-02,2026-06-02 15:00:00,14,14,9_16,TimeMixer,6.56,2.5149643421173096,,,
2026-06-03 15:00:00,83.25,119.573,64340.6375,8702.0175,16530.975,19568.5,6907.645,25232.9925,da,2026-06-03,2026-06-02,2026-06-02 15:00:00,15,15,9_16,TimeMixer,83.25,78.63224792480469,,,
2026-06-03 16:00:00,300.0,42.106,69173.92,9225.59,12580.81,20752.0,13984.02,21806.4,da,2026-06-03,2026-06-02,2026-06-02 15:00:00,16,16,9_16,TimeMixer,300.0,194.49110412597656,,,
2026-06-03 17:00:00,402.5,497.462,73973.2625,9860.7225,7867.675,23776.75,19764.115,17728.3975,da,2026-06-03,2026-06-02,2026-06-02 15:00:00,17,17,17_24,TimeMixer,402.5,322.9494323730469,,,
2026-06-03 18:00:00,502.0,572.353,77364.875,10333.8175,3488.9125,25360.75,25458.645,13822.73,da,2026-06-03,2026-06-02,2026-06-02 15:00:00,18,18,17_24,TimeMixer,502.0,455.7201232910156,,,
2026-06-03 19:00:00,524.0,536.775,79504.52,10824.125,822.3525,25323.75,29807.7925,11646.4775,da,2026-06-03,2026-06-02,2026-06-02 15:00:00,19,19,17_24,TimeMixer,524.0,476.25469970703125,,,
2026-06-03 20:00:00,520.0,531.978,80497.1675,11263.1075,28.535,24610.75,31868.275,11291.6425,da,2026-06-03,2026-06-02,2026-06-02 15:00:00,20,20,17_24,TimeMixer,520.0,479.039306640625,,,
2026-06-03 21:00:00,527.0,539.882,79361.9475,11085.115,11.6,22984.25,32554.4825,11096.715,da,2026-06-03,2026-06-02,2026-06-02 15:00:00,21,21,17_24,TimeMixer,527.0,493.513916015625,,,
2026-06-03 22:00:00,545.995,519.857,76176.1075,10720.945,12.6,21417.25,31298.8125,10733.545,da,2026-06-03,2026-06-02,2026-06-02 15:00:00,22,22,17_24,TimeMixer,545.995,524.6085205078125,,,
2026-06-03 23:00:00,540.5,421.655,72177.335,10239.8025,13.0,19640.5,29557.5325,10252.8025,da,2026-06-03,2026-06-02,2026-06-02 15:00:00,23,23,17_24,TimeMixer,540.5,459.4712829589844,,,
2026-06-04 00:00:00,540.5,414.112,70079.02,9437.9325,11.6,18387.75,29515.2375,9449.5325,da,2026-06-04,2026-06-03,2026-06-03 15:00:00,0,24,17_24,TimeMixer,540.5,465.6913146972656,,,
2026-06-04 01:00:00,525.0,590.569,62988.9225,8087.0075,0.0,19536.0,22759.415,8087.0075,da,2026-06-04,2026-06-03,2026-06-03 15:00:00,1,1,1_8,TimeMixer,525.0,459.1482849121094,,,
2026-06-04 02:00:00,502.5,491.713,61130.3225,7359.6275,0.0,19535.5,21628.695,7359.6275,da,2026-06-04,2026-06-03,2026-06-03 15:00:00,2,2,1_8,TimeMixer,502.5,429.4427185058594,,,
2026-06-04 03:00:00,457.5,629.895,59909.475,7012.0125,0.0,19534.75,20756.2125,7012.0125,da,2026-06-04,2026-06-03,2026-06-03 15:00:00,3,3,1_8,TimeMixer,457.5,402.2516784667969,,,
2026-06-04 04:00:00,450.0,490.96,59253.4825,7001.33,0.0125,19536.0,20109.64,7001.3425,da,2026-06-04,2026-06-03,2026-06-03 15:00:00,4,4,1_8,TimeMixer,450.0,408.48956298828125,,,
2026-06-04 05:00:00,412.299,618.688,59260.61,7174.565,50.445,19402.25,20026.85,7225.01,da,2026-06-04,2026-06-03,2026-06-03 15:00:00,5,5,1_8,TimeMixer,412.299,395.0897521972656,,,
2026-06-04 06:00:00,430.75,575.907,60559.4025,7401.87,932.98,20760.25,18857.8025,8334.85,da,2026-06-04,2026-06-03,2026-06-03 15:00:00,6,6,1_8,TimeMixer,430.75,443.1872863769531,,,
2026-06-04 07:00:00,329.61,378.624,60357.64,7411.75,3578.73,24238.5,12525.91,10990.48,da,2026-06-04,2026-06-03,2026-06-03 15:00:00,7,7,1_8,TimeMixer,329.61,300.36376953125,,,
2026-06-04 08:00:00,255.5,429.017,62151.36,7396.1275,7697.1775,24670.0,9844.055,15093.305,da,2026-06-04,2026-06-03,2026-06-03 15:00:00,8,8,1_8,TimeMixer,255.5,144.1753692626953,,,
2026-06-04 09:00:00,136.0,626.057,61322.3575,7271.96,12271.7,22778.0,6469.1975,19543.66,da,2026-06-04,2026-06-03,2026-06-03 15:00:00,9,9,9_16,TimeMixer,136.0,29.364826202392578,,,
2026-06-04 10:00:00,0.0,441.169,58433.95,6897.08,16477.3575,21490.25,1037.7625,23374.4375,da,2026-06-04,2026-06-03,2026-06-03 15:00:00,10,10,9_16,TimeMixer,0.0,-36.09247589111328,,,
2026-06-04 11:00:00,-67.948,329.402,56438.5,6543.4825,19781.835,19966.0,-2384.3175,26325.3175,da,2026-06-04,2026-06-03,2026-06-03 15:00:00,11,11,9_16,TimeMixer,-67.948,-67.7450942993164,,,
2026-06-04 12:00:00,-44.5,-80.0,53094.375,6164.155,21758.7675,19744.0,-7104.0475,27922.9225,da,2026-06-04,2026-06-03,2026-06-03 15:00:00,12,12,9_16,TimeMixer,-44.5,-15.153327941894531,,,
2026-06-04 13:00:00,-45.875,-80.0,47976.4725,5748.9225,22296.2225,19744.0,-12344.1725,28045.145,da,2026-06-04,2026-06-03,2026-06-03 15:00:00,13,13,9_16,TimeMixer,-45.875,0.47999513149261475,,,
2026-06-04 14:00:00,-60.625,-80.0,49271.6375,5508.7425,21802.755,19842.75,-10414.11,27311.4975,da,2026-06-04,2026-06-03,2026-06-03 15:00:00,14,14,9_16,TimeMixer,-60.625,-64.60436248779297,,,
2026-06-04 15:00:00,-69.5,-80.0,52433.545,5352.405,19844.7125,19982.5,-5277.5725,25197.1175,da,2026-06-04,2026-06-03,2026-06-03 15:00:00,15,15,9_16,TimeMixer,-69.5,18.552963256835938,,,
2026-06-04 16:00:00,-29.95,-80.0,57612.3125,5311.5775,16082.4,21134.5,2552.335,21393.9775,da,2026-06-04,2026-06-03,2026-06-03 15:00:00,16,16,9_16,TimeMixer,-29.95,145.0933074951172,,,
2026-06-04 17:00:00,260.5,147.833,63189.3425,5280.6375,10809.815,23959.25,10535.64,16090.4525,da,2026-06-04,2026-06-03,2026-06-03 15:00:00,17,17,17_24,TimeMixer,260.5,305.3189697265625,,,
2026-06-04 18:00:00,520.25,613.905,69110.315,5108.225,5133.285,25367.75,20878.305,10241.51,da,2026-06-04,2026-06-03,2026-06-03 15:00:00,18,18,17_24,TimeMixer,520.25,447.2745056152344,,,
2026-06-04 19:00:00,546.0,806.969,73030.935,5027.58,1270.625,25274.0,28832.23,6298.205,da,2026-06-04,2026-06-03,2026-06-03 15:00:00,19,19,17_24,TimeMixer,546.0,459.81060791015625,,,
2026-06-04 20:00:00,564.5,707.876,75885.3175,5355.4775,37.445,24354.0,33511.895,5392.9225,da,2026-06-04,2026-06-03,2026-06-03 15:00:00,20,20,17_24,TimeMixer,564.5,454.7787170410156,,,
2026-06-04 21:00:00,566.875,658.026,75159.125,5606.4525,0.0,22546.25,34379.9225,5606.4525,da,2026-06-04,2026-06-03,2026-06-03 15:00:00,21,21,17_24,TimeMixer,566.875,471.8985900878906,,,
2026-06-04 22:00:00,577.5,461.831,72706.57,5562.18,0.0,21144.5,33373.39,5562.18,da,2026-06-04,2026-06-03,2026-06-03 15:00:00,22,22,17_24,TimeMixer,577.5,499.61895751953125,,,
2026-06-04 23:00:00,580.75,407.503,69290.5125,5601.6525,0.0,19839.0,31223.36,5601.6525,da,2026-06-04,2026-06-03,2026-06-03 15:00:00,23,23,17_24,TimeMixer,580.75,458.3600769042969,,,
2026-06-05 00:00:00,582.5,620.44,66421.8975,5378.3475,0.0,18862.75,29554.3,5378.3475,da,2026-06-05,2026-06-04,2026-06-04 15:00:00,0,24,17_24,TimeMixer,582.5,472.6009521484375,,,
2026-06-05 01:00:00,622.5,728.717,63848.0025,4461.875,0.0,19980.0,26994.6275,4461.875,da,2026-06-05,2026-06-04,2026-06-04 15:00:00,1,1,1_8,TimeMixer,622.5,468.8505554199219,,,
2026-06-05 02:00:00,595.688,642.313,61811.5,4301.8675,0.0,19989.0,25109.1325,4301.8675,da,2026-06-05,2026-06-04,2026-06-04 15:00:00,2,2,1_8,TimeMixer,595.688,435.8916320800781,,,
2026-06-05 03:00:00,580.5,611.88,60288.3775,4108.76,0.0,19998.75,23769.3675,4108.76,da,2026-06-05,2026-06-04,2026-06-04 15:00:00,3,3,1_8,TimeMixer,580.5,410.0519714355469,,,
2026-06-05 04:00:00,569.5,534.406,59440.5,3912.095,0.01,20003.0,23113.895,3912.105,da,2026-06-05,2026-06-04,2026-06-04 15:00:00,4,4,1_8,TimeMixer,569.5,424.587890625,,,
2026-06-05 05:00:00,573.5,575.279,60328.725,3688.425,39.69,19828.0,24361.11,3728.115,da,2026-06-05,2026-06-04,2026-06-04 15:00:00,5,5,1_8,TimeMixer,573.5,409.80438232421875,,,
2026-06-05 06:00:00,546.375,510.598,61250.8325,3302.7825,1429.9175,21189.25,22917.3825,4732.7,da,2026-06-05,2026-06-04,2026-06-04 15:00:00,6,6,1_8,TimeMixer,546.375,462.4643859863281,,,
2026-06-05 07:00:00,335.75,220.469,59688.3125,2709.5525,5525.7875,24632.25,14412.9725,8235.34,da,2026-06-05,2026-06-04,2026-06-04 15:00:00,7,7,1_8,TimeMixer,335.75,311.7749328613281,,,
2026-06-05 08:00:00,85.0,593.325,59199.7475,2099.98,11389.0625,25368.5,7993.205,13489.0425,da,2026-06-05,2026-06-04,2026-06-04 15:00:00,8,8,1_8,TimeMixer,85.0,150.70089721679688,,,
2026-06-05 09:00:00,-23.25,528.983,57042.325,1740.8725,16726.8375,23869.0,2369.115,18467.71,da,2026-06-05,2026-06-04,2026-06-04 15:00:00,9,9,9_16,TimeMixer,-23.25,26.662906646728516,,,
2026-06-05 10:00:00,-58.25,387.179,54282.65,1623.29,20863.6975,21998.5,-2517.5875,22486.9875,da,2026-06-05,2026-06-04,2026-06-04 15:00:00,10,10,9_16,TimeMixer,-58.25,-49.05809783935547,,,
2026-06-05 11:00:00,-61.5,339.317,53478.99,1626.675,23247.6125,20594.0,-4275.7975,24874.2875,da,2026-06-05,2026-06-04,2026-06-04 15:00:00,11,11,9_16,TimeMixer,-61.5,-82.91175079345703,,,
2026-06-05 12:00:00,-67.71,176.983,50758.3975,1679.905,24154.8625,20491.5,-7854.37,25834.7675,da,2026-06-05,2026-06-04,2026-06-04 15:00:00,12,12,9_16,TimeMixer,-67.71,-30.588966369628906,,,
2026-06-05 13:00:00,-61.0,-80.0,46332.1275,1744.5575,24015.1625,20507.0,-12245.0925,25759.72,da,2026-06-05,2026-06-04,2026-06-04 15:00:00,13,13,9_16,TimeMixer,-61.0,1.5847162008285522,,,
2026-06-05 14:00:00,-67.225,-80.0,48669.5925,1837.545,22832.8775,20566.75,-8904.08,24670.4225,da,2026-06-05,2026-06-04,2026-06-04 15:00:00,14,14,9_16,TimeMixer,-67.225,-80.39885711669922,,,
2026-06-05 15:00:00,-61.0,-58.766,52859.7875,1937.3175,20203.3075,20619.0,-2236.3375,22140.625,da,2026-06-05,2026-06-04,2026-06-04 15:00:00,15,15,9_16,TimeMixer,-61.0,16.71588134765625,,,
2026-06-05 16:00:00,-29.625,504.02,58183.4675,2118.115,15962.155,21741.75,6024.9475,18080.27,da,2026-06-05,2026-06-04,2026-06-04 15:00:00,16,16,9_16,TimeMixer,-29.625,144.1895751953125,,,
2026-06-05 17:00:00,356.04,526.577,64207.0975,2404.535,10415.3,24564.75,14413.5125,12819.835,da,2026-06-05,2026-06-04,2026-06-04 15:00:00,17,17,17_24,TimeMixer,356.04,309.52557373046875,,,
2026-06-05 18:00:00,538.35,641.0,69806.655,2881.645,4771.4175,25939.5,23786.3425,7653.0625,da,2026-06-05,2026-06-04,2026-06-04 15:00:00,18,18,17_24,TimeMixer,538.35,448.102783203125,,,
2026-06-05 19:00:00,565.0,559.647,73387.1575,3715.325,1148.3575,25894.5,30197.475,4863.6825,da,2026-06-05,2026-06-04,2026-06-04 15:00:00,19,19,17_24,TimeMixer,565.0,457.19622802734375,,,
2026-06-05 20:00:00,570.0,550.782,76105.3175,4999.5325,23.8675,24988.25,33662.1675,5023.4,da,2026-06-05,2026-06-04,2026-06-04 15:00:00,20,20,17_24,TimeMixer,570.0,450.1687316894531,,,
2026-06-05 21:00:00,565.0,544.16,75732.825,6195.1875,0.0,23040.25,34065.8875,6195.1875,da,2026-06-05,2026-06-04,2026-06-04 15:00:00,21,21,17_24,TimeMixer,565.0,467.5631103515625,,,
2026-06-05 22:00:00,577.5,535.078,73232.8875,7070.7475,0.0,21691.25,32039.39,7070.7475,da,2026-06-05,2026-06-04,2026-06-04 15:00:00,22,22,17_24,TimeMixer,577.5,490.95977783203125,,,
2026-06-05 23:00:00,550.0,546.457,69444.87,7740.935,0.0,20079.0,29193.435,7740.935,da,2026-06-05,2026-06-04,2026-06-04 15:00:00,23,23,17_24,TimeMixer,550.0,456.11376953125,,,
2026-06-06 00:00:00,550.0,660.329,67732.7375,7927.545,0.0,18537.5,28836.1925,7927.545,da,2026-06-06,2026-06-05,2026-06-05 15:00:00,0,24,17_24,TimeMixer,550.0,449.579345703125,,,
2026-06-06 01:00:00,410.0,453.545,61442.71,9294.1,0.0,19771.0,19766.11,9294.1,da,2026-06-06,2026-06-05,2026-06-05 15:00:00,1,1,1_8,TimeMixer,410.0,418.586669921875,,,
2026-06-06 02:00:00,399.5,415.271,59437.7875,8871.665,0.0,19771.0,18183.6225,8871.665,da,2026-06-06,2026-06-05,2026-06-05 15:00:00,2,2,1_8,TimeMixer,399.5,398.2288513183594,,,
2026-06-06 03:00:00,399.0,404.75,58407.5925,8456.46,0.0,19809.25,17530.3825,8456.46,da,2026-06-06,2026-06-05,2026-06-05 15:00:00,3,3,1_8,TimeMixer,399.0,371.7970275878906,,,
2026-06-06 04:00:00,389.5,410.307,57395.16,8180.5925,0.01,19813.25,16789.8075,8180.6025,da,2026-06-06,2026-06-05,2026-06-05 15:00:00,4,4,1_8,TimeMixer,389.5,373.9421081542969,,,
2026-06-06 05:00:00,399.5,406.147,58188.72,8127.8975,20.0825,19561.0,17868.24,8147.98,da,2026-06-06,2026-06-05,2026-06-05 15:00:00,5,5,1_8,TimeMixer,399.5,359.9029541015625,,,
2026-06-06 06:00:00,399.5,401.272,59496.495,7899.8525,411.12,20757.75,17816.2725,8310.9725,da,2026-06-06,2026-06-05,2026-06-05 15:00:00,6,6,1_8,TimeMixer,399.5,355.58056640625,,,
2026-06-06 07:00:00,372.5,403.41,61845.96,7583.525,1347.505,24275.25,16031.93,8931.03,da,2026-06-06,2026-06-05,2026-06-05 15:00:00,7,7,1_8,TimeMixer,372.5,311.000244140625,,,
2026-06-06 08:00:00,400.0,523.909,67201.5475,7262.5775,2718.2925,24776.75,19894.9275,9980.87,da,2026-06-06,2026-06-05,2026-06-05 15:00:00,8,8,1_8,TimeMixer,400.0,228.4862518310547,,,
2026-06-06 09:00:00,420.0,610.56,70356.865,6956.9525,4183.2,22833.25,23846.9625,11140.1525,da,2026-06-06,2026-06-05,2026-06-05 15:00:00,9,9,9_16,TimeMixer,420.0,227.92193603515625,,,
2026-06-06 10:00:00,430.22,662.967,71271.3375,6660.0625,5345.555,21288.0,25441.22,12005.6175,da,2026-06-06,2026-06-05,2026-06-05 15:00:00,10,10,9_16,TimeMixer,430.22,215.15045166015625,,,
2026-06-06 11:00:00,420.0,551.464,72871.7025,6810.5125,6154.5425,19802.5,27567.6475,12965.055,da,2026-06-06,2026-06-05,2026-06-05 15:00:00,11,11,9_16,TimeMixer,420.0,188.35952758789062,,,
2026-06-06 12:00:00,415.0,431.376,71573.4,7255.5825,6662.7025,19638.75,25479.865,13918.285,da,2026-06-06,2026-06-05,2026-06-05 15:00:00,12,12,9_16,TimeMixer,415.0,220.5603790283203,,,
2026-06-06 13:00:00,395.0,27.266,66236.18,7985.35,6715.185,19638.0,19361.145,14700.535,da,2026-06-06,2026-06-05,2026-06-05 15:00:00,13,13,9_16,TimeMixer,395.0,158.33851623535156,,,
2026-06-06 14:00:00,400.0,345.015,68374.945,8768.2375,6347.1675,19732.0,20991.04,15115.405,da,2026-06-06,2026-06-05,2026-06-05 15:00:00,14,14,9_16,TimeMixer,400.0,170.48927307128906,,,
2026-06-06 15:00:00,407.5,345.259,70263.3075,9554.75,5495.96,19864.0,22812.0975,15050.71,da,2026-06-06,2026-06-05,2026-06-05 15:00:00,15,15,9_16,TimeMixer,407.5,220.219482421875,,,
2026-06-06 16:00:00,420.1,369.377,71748.23,10336.97,4307.545,21007.5,23559.715,14644.515,da,2026-06-06,2026-06-05,2026-06-05 15:00:00,16,16,9_16,TimeMixer,420.1,274.71673583984375,,,
2026-06-06 17:00:00,407.5,339.255,71360.4175,10886.4925,2861.5425,23870.75,21132.6325,13748.035,da,2026-06-06,2026-06-05,2026-06-05 15:00:00,17,17,17_24,TimeMixer,407.5,361.1524963378906,,,
2026-06-06 18:00:00,401.125,339.494,72059.25,11085.44,1428.29,25367.25,21550.52,12513.73,da,2026-06-06,2026-06-05,2026-06-05 15:00:00,18,18,17_24,TimeMixer,401.125,434.97247314453125,,,
2026-06-06 19:00:00,418.875,317.718,70964.2525,11037.105,419.1975,25263.0,21613.45,11456.3025,da,2026-06-06,2026-06-05,2026-06-05 15:00:00,19,19,17_24,TimeMixer,418.875,447.5467529296875,,,
2026-06-06 20:00:00,440.0,394.174,71573.9075,10906.305,19.78,24336.75,23679.5725,10926.085,da,2026-06-06,2026-06-05,2026-06-05 15:00:00,20,20,17_24,TimeMixer,440.0,441.24432373046875,,,
2026-06-06 21:00:00,450.0,407.275,71004.08,10640.925,0.0,22545.75,25185.905,10640.925,da,2026-06-06,2026-06-05,2026-06-05 15:00:00,21,21,17_24,TimeMixer,450.0,446.48883056640625,,,
2026-06-06 22:00:00,444.875,403.961,68890.3775,10036.7075,0.0,21190.0,25032.17,10036.7075,da,2026-06-06,2026-06-05,2026-06-05 15:00:00,22,22,17_24,TimeMixer,444.875,479.0052795410156,,,
2026-06-06 23:00:00,437.75,388.058,65807.78,9364.115,0.0,19791.75,24020.415,9364.115,da,2026-06-06,2026-06-05,2026-06-05 15:00:00,23,23,17_24,TimeMixer,437.75,435.43719482421875,,,
2026-06-07 00:00:00,438.5,391.829,64516.3675,8814.745,0.0,18545.0,24525.1225,8814.745,da,2026-06-07,2026-06-06,2026-06-06 15:00:00,0,24,17_24,TimeMixer,438.5,457.309326171875,,,
2026-06-07 01:00:00,558.5,504.699,62836.13,8798.6925,0.0,19622.25,21753.6875,8798.6925,da,2026-06-07,2026-06-06,2026-06-06 15:00:00,1,1,1_8,TimeMixer,558.5,465.8049011230469,,,
2026-06-07 02:00:00,522.5,450.695,61367.2175,8649.88,0.0,19622.75,20433.0875,8649.88,da,2026-06-07,2026-06-06,2026-06-06 15:00:00,2,2,1_8,TimeMixer,522.5,426.8211669921875,,,
2026-06-07 03:00:00,522.0,409.898,60138.8975,8529.58,0.0,19623.0,19324.8175,8529.58,da,2026-06-07,2026-06-06,2026-06-06 15:00:00,3,3,1_8,TimeMixer,522.0,414.90777587890625,,,
2026-06-07 04:00:00,491.5,391.717,59404.03,8413.7975,0.01,19623.0,18705.7225,8413.8075,da,2026-06-07,2026-06-06,2026-06-06 15:00:00,4,4,1_8,TimeMixer,491.5,418.0406799316406,,,
2026-06-07 05:00:00,502.5,422.348,59626.56,8205.195,30.685,19454.0,19275.18,8235.88,da,2026-06-07,2026-06-06,2026-06-06 15:00:00,5,5,1_8,TimeMixer,502.5,404.75982666015625,,,
2026-06-07 06:00:00,477.5,409.033,60065.785,7693.0125,1018.7375,20779.25,17913.285,8711.75,da,2026-06-07,2026-06-06,2026-06-06 15:00:00,6,6,1_8,TimeMixer,477.5,440.9945373535156,,,
2026-06-07 07:00:00,374.5,-14.36,60091.09,6817.5725,3929.475,24308.0,12378.2925,10747.0475,da,2026-06-07,2026-06-06,2026-06-06 15:00:00,7,7,1_8,TimeMixer,374.5,305.6127014160156,,,
2026-06-07 08:00:00,344.0,146.327,62697.8875,5860.7925,8387.0575,24720.25,11130.7875,14247.85,da,2026-06-07,2026-06-06,2026-06-06 15:00:00,8,8,1_8,TimeMixer,344.0,164.9773712158203,,,
2026-06-07 09:00:00,150.0,-25.442,61101.2075,5037.4825,13019.755,22707.0,7750.47,18057.2375,da,2026-06-07,2026-06-06,2026-06-06 15:00:00,9,9,9_16,TimeMixer,150.0,18.299274444580078,,,
2026-06-07 10:00:00,72.42,-80.0,58220.86,4385.9575,16763.6075,21299.5,3185.295,21149.565,da,2026-06-07,2026-06-06,2026-06-06 15:00:00,10,10,9_16,TimeMixer,72.42,-53.976966857910156,,,
2026-06-07 11:00:00,-30.0,-80.0,56250.48,3915.395,19275.5725,19801.0,672.0125,23190.9675,da,2026-06-07,2026-06-06,2026-06-06 15:00:00,11,11,9_16,TimeMixer,-30.0,-83.43502044677734,,,
2026-06-07 12:00:00,-30.0,-80.0,52225.7825,3564.97,20558.875,19629.75,-4114.3125,24123.845,da,2026-06-07,2026-06-06,2026-06-06 15:00:00,12,12,9_16,TimeMixer,-30.0,-42.54749298095703,,,
2026-06-07 13:00:00,-30.0,-80.0,47741.2525,3280.175,20684.5075,19629.25,-8439.18,23964.6825,da,2026-06-07,2026-06-06,2026-06-06 15:00:00,13,13,9_16,TimeMixer,-30.0,-5.607864856719971,,,
2026-06-07 14:00:00,-30.0,-75.965,49306.21,3141.3725,19858.425,19727.75,-6007.8375,22999.7975,da,2026-06-07,2026-06-06,2026-06-06 15:00:00,14,14,9_16,TimeMixer,-30.0,-69.66808319091797,,,
2026-06-07 15:00:00,86.5,-71.22,51954.5875,2969.6325,17669.7875,19867.0,-1138.3325,20639.42,da,2026-06-07,2026-06-06,2026-06-06 15:00:00,15,15,9_16,TimeMixer,86.5,-4.931792736053467,,,
2026-06-07 16:00:00,153.875,-77.837,54997.11,2695.295,14166.6625,21018.25,4530.4025,16861.9575,da,2026-06-07,2026-06-06,2026-06-06 15:00:00,16,16,9_16,TimeMixer,153.875,138.50685119628906,,,
2026-06-07 17:00:00,400.0,-14.331,57925.705,2436.5825,9559.5575,23887.25,9383.315,11996.14,da,2026-06-07,2026-06-06,2026-06-06 15:00:00,17,17,17_24,TimeMixer,400.0,316.5629577636719,,,
2026-06-07 18:00:00,567.625,532.432,63446.93,2183.25,4553.175,25368.0,18664.755,6736.425,da,2026-06-07,2026-06-06,2026-06-06 15:00:00,18,18,17_24,TimeMixer,567.625,437.7943420410156,,,
2026-06-07 19:00:00,605.411,610.594,67384.0075,1940.47,1156.655,25263.5,26341.8825,3097.125,da,2026-06-07,2026-06-06,2026-06-06 15:00:00,19,19,17_24,TimeMixer,605.411,453.86297607421875,,,
2026-06-07 20:00:00,622.963,610.459,70315.4675,1831.1,34.8225,24336.0,31432.045,1865.9225,da,2026-06-07,2026-06-06,2026-06-06 15:00:00,20,20,17_24,TimeMixer,622.963,441.46209716796875,,,
2026-06-07 21:00:00,626.5,605.416,70027.95,1766.7,0.0,22546.0,33033.75,1766.7,da,2026-06-07,2026-06-06,2026-06-06 15:00:00,21,21,17_24,TimeMixer,626.5,460.25189208984375,,,
2026-06-07 22:00:00,565.878,598.833,67787.225,1764.815,0.0,21176.5,32164.41,1764.815,da,2026-06-07,2026-06-06,2026-06-06 15:00:00,22,22,17_24,TimeMixer,565.878,484.2214660644531,,,
2026-06-07 23:00:00,602.5,607.958,64652.92,1870.3375,0.0,19733.5,30367.5825,1870.3375,da,2026-06-07,2026-06-06,2026-06-06 15:00:00,23,23,17_24,TimeMixer,602.5,452.453369140625,,,
2026-06-08 00:00:00,620.0,629.224,63469.6675,2087.3,0.0,18657.75,30043.1175,2087.3,da,2026-06-08,2026-06-07,2026-06-07 15:00:00,0,24,17_24,TimeMixer,620.0,452.67388916015625,,,
2026-06-08 01:00:00,620.68,653.026,60704.2275,2444.2375,0.0,20141.5,25556.99,2444.2375,da,2026-06-08,2026-06-07,2026-06-07 15:00:00,1,1,1_8,TimeMixer,620.68,469.4842834472656,,,
2026-06-08 02:00:00,564.625,617.422,59210.0575,2735.0,0.0,20148.0,23765.5575,2735.0,da,2026-06-08,2026-06-07,2026-06-07 15:00:00,2,2,1_8,TimeMixer,564.625,432.4083557128906,,,
2026-06-08 03:00:00,561.0,604.53,58043.8775,2936.7525,0.0,20148.25,22397.375,2936.7525,da,2026-06-08,2026-06-07,2026-06-07 15:00:00,3,3,1_8,TimeMixer,561.0,418.0308532714844,,,
2026-06-08 04:00:00,522.0,598.25,57442.5475,3006.135,0.015,20149.75,21725.1475,3006.15,da,2026-06-08,2026-06-07,2026-06-07 15:00:00,4,4,1_8,TimeMixer,522.0,411.0697937011719,,,
2026-06-08 05:00:00,545.938,602.269,58360.9925,3023.26,45.395,19972.0,22758.8375,3068.655,da,2026-06-08,2026-06-07,2026-06-07 15:00:00,5,5,1_8,TimeMixer,545.938,411.7213134765625,,,
2026-06-08 06:00:00,528.5,534.411,60027.6025,2948.9275,1435.2925,21122.0,21959.8825,4384.22,da,2026-06-08,2026-06-07,2026-06-07 15:00:00,6,6,1_8,TimeMixer,528.5,460.23211669921875,,,
2026-06-08 07:00:00,330.625,365.882,58140.17,2713.395,5401.895,24463.0,13004.13,8115.29,da,2026-06-08,2026-06-07,2026-06-07 15:00:00,7,7,1_8,TimeMixer,330.625,323.2331237792969,,,
2026-06-08 08:00:00,89.0,286.532,58919.475,2298.0825,11204.38,24897.25,8020.7625,13502.4625,da,2026-06-08,2026-06-07,2026-06-07 15:00:00,8,8,1_8,TimeMixer,89.0,170.20816040039062,,,
2026-06-08 09:00:00,0.0,3.82,55293.255,1865.0375,16731.4725,22765.25,1444.995,18596.51,da,2026-06-08,2026-06-07,2026-06-07 15:00:00,9,9,9_16,TimeMixer,0.0,-24.637432098388672,,,
2026-06-08 10:00:00,-20.0,-80.0,51704.4875,1664.89,20835.5225,21412.75,-4695.175,22500.4125,da,2026-06-08,2026-06-07,2026-06-07 15:00:00,10,10,9_16,TimeMixer,-20.0,-93.59807586669922,,,
2026-06-08 11:00:00,-55.5,-80.0,50494.87,1713.115,23133.165,19720.25,-6558.16,24846.28,da,2026-06-08,2026-06-07,2026-06-07 15:00:00,11,11,9_16,TimeMixer,-55.5,-132.9971160888672,,,
2026-06-08 12:00:00,-67.97,-80.0,47895.285,1822.4275,23994.7125,19483.75,-9892.105,25817.14,da,2026-06-08,2026-06-07,2026-06-07 15:00:00,12,12,9_16,TimeMixer,-67.97,-101.75936126708984,,,
2026-06-08 13:00:00,-67.5,-80.0,42394.8325,1994.9075,23823.41,19483.75,-15393.735,25818.3175,da,2026-06-08,2026-06-07,2026-06-07 15:00:00,13,13,9_16,TimeMixer,-67.5,-49.32270812988281,,,
2026-06-08 14:00:00,-58.0,-61.962,45100.3975,2274.765,22621.885,19585.75,-11868.5025,24896.65,da,2026-06-08,2026-06-07,2026-06-07 15:00:00,14,14,9_16,TimeMixer,-58.0,-103.54790496826172,,,
2026-06-08 15:00:00,-59.5,-80.0,49364.405,2684.75,20015.735,19724.5,-5547.08,22700.485,da,2026-06-08,2026-06-07,2026-06-07 15:00:00,15,15,9_16,TimeMixer,-59.5,-40.80738830566406,,,
2026-06-08 16:00:00,-23.0,-80.0,54487.8775,3271.1525,15962.97,20865.0,1902.255,19234.1225,da,2026-06-08,2026-06-07,2026-06-07 15:00:00,16,16,9_16,TimeMixer,-23.0,109.78900146484375,,,
2026-06-08 17:00:00,207.48,42.516,59653.61,4119.01,10657.3475,23808.75,8509.5025,14776.3575,da,2026-06-08,2026-06-07,2026-06-07 15:00:00,17,17,17_24,TimeMixer,207.48,305.5420837402344,,,
2026-06-08 18:00:00,453.5,416.322,65611.1875,5268.13,5030.135,25266.0,17469.1725,10298.265,da,2026-06-08,2026-06-07,2026-06-07 15:00:00,18,18,17_24,TimeMixer,453.5,445.9945373535156,,,
2026-06-08 19:00:00,516.5,380.919,69715.065,7057.53,1247.2375,25141.75,23687.0475,8304.7675,da,2026-06-08,2026-06-07,2026-06-07 15:00:00,19,19,17_24,TimeMixer,516.5,452.294189453125,,,
2026-06-08 20:00:00,539.625,356.748,72193.39,9419.83,34.1725,24312.25,25845.6375,9454.0025,da,2026-06-08,2026-06-07,2026-06-07 15:00:00,20,20,17_24,TimeMixer,539.625,462.9616394042969,,,
2026-06-08 21:00:00,494.375,361.484,71245.7075,11969.7675,0.0,22530.25,24164.19,11969.7675,da,2026-06-08,2026-06-07,2026-06-07 15:00:00,21,21,17_24,TimeMixer,494.375,464.81976318359375,,,
2026-06-08 22:00:00,414.952,360.372,68974.7925,14116.405,0.0,21374.75,20902.1375,14116.405,da,2026-06-08,2026-06-07,2026-06-07 15:00:00,22,22,17_24,TimeMixer,414.952,479.8898620605469,,,
2026-06-08 23:00:00,400.0,441.182,65826.54,15677.065,0.0,20282.75,17285.225,15677.065,da,2026-06-08,2026-06-07,2026-06-07 15:00:00,23,23,17_24,TimeMixer,400.0,460.8804931640625,,,
2026-06-09 00:00:00,400.0,554.691,64667.9225,16319.9675,0.0,19057.25,16709.205,16319.9675,da,2026-06-09,2026-06-08,2026-06-08 15:00:00,0,24,17_24,TimeMixer,400.0,434.2217102050781,,,
2026-06-09 01:00:00,460.5,591.5,62387.735,16451.09,0.0,20202.0,13123.145,16451.09,da,2026-06-09,2026-06-08,2026-06-08 15:00:00,1,1,1_8,TimeMixer,460.5,449.2803649902344,,,
2026-06-09 02:00:00,415.87,553.321,60742.6725,15722.465,0.0,20194.5,12214.2075,15722.465,da,2026-06-09,2026-06-08,2026-06-08 15:00:00,2,2,1_8,TimeMixer,415.87,413.2274475097656,,,
2026-06-09 03:00:00,390.0,476.478,59396.71,14448.075,0.0,20185.5,12151.635,14448.075,da,2026-06-09,2026-06-08,2026-06-08 15:00:00,3,3,1_8,TimeMixer,390.0,402.1742248535156,,,
2026-06-09 04:00:00,382.5,485.233,58708.76,12741.07,0.01,20186.5,13169.68,12741.08,da,2026-06-09,2026-06-08,2026-06-08 15:00:00,4,4,1_8,TimeMixer,382.5,382.2604064941406,,,
2026-06-09 05:00:00,451.0,503.697,59430.375,10984.3725,36.3675,20011.0,15787.135,11020.74,da,2026-06-09,2026-06-08,2026-06-08 15:00:00,5,5,1_8,TimeMixer,451.0,389.0781555175781,,,
2026-06-09 06:00:00,465.5,545.959,60544.5125,9131.6525,1246.63,21160.75,16393.98,10378.2825,da,2026-06-09,2026-06-08,2026-06-08 15:00:00,6,6,1_8,TimeMixer,465.5,431.4336242675781,,,
2026-06-09 07:00:00,155.013,257.315,59321.2425,7158.08,4824.26,24493.75,10237.4025,11982.34,da,2026-06-09,2026-06-08,2026-06-08 15:00:00,7,7,1_8,TimeMixer,155.013,297.3524169921875,,,
2026-06-09 08:00:00,81.575,487.812,58054.0625,5117.7675,10218.71,24930.75,5237.835,15336.4775,da,2026-06-09,2026-06-08,2026-06-08 15:00:00,8,8,1_8,TimeMixer,81.575,155.25100708007812,,,
2026-06-09 09:00:00,-50.0,693.203,54774.4525,3953.305,15617.9025,22795.5,-128.755,19571.2075,da,2026-06-09,2026-06-08,2026-06-08 15:00:00,9,9,9_16,TimeMixer,-50.0,-66.9346694946289,,,
2026-06-09 10:00:00,-58.375,607.347,51389.4025,3857.91,19823.4675,21455.0,-6283.475,23681.3775,da,2026-06-09,2026-06-08,2026-06-08 15:00:00,10,10,9_16,TimeMixer,-58.375,-116.33431243896484,,,
2026-06-09 11:00:00,-75.0,854.199,50745.28,4277.44,22311.0075,19813.75,-8193.4175,26588.4475,da,2026-06-09,2026-06-08,2026-06-08 15:00:00,11,11,9_16,TimeMixer,-75.0,-138.69496154785156,,,
2026-06-09 12:00:00,-74.135,471.302,48250.6925,4804.335,23138.845,19638.75,-11867.7375,27943.18,da,2026-06-09,2026-06-08,2026-06-08 15:00:00,12,12,9_16,TimeMixer,-74.135,-127.25179290771484,,,
2026-06-09 13:00:00,-72.97,199.803,42222.255,5256.2775,22835.5775,19637.75,-18043.85,28091.855,da,2026-06-09,2026-06-08,2026-06-08 15:00:00,13,13,9_16,TimeMixer,-72.97,-92.3433837890625,,,
2026-06-09 14:00:00,-60.0,436.582,45365.7075,5629.9825,21590.04,19739.75,-14130.565,27220.0225,da,2026-06-09,2026-06-08,2026-06-08 15:00:00,14,14,9_16,TimeMixer,-60.0,-120.74095916748047,,,
2026-06-09 15:00:00,10.0,296.094,49769.7,5763.5275,19041.895,19880.0,-7452.2225,24805.4225,da,2026-06-09,2026-06-08,2026-06-08 15:00:00,15,15,9_16,TimeMixer,10.0,-83.43589782714844,,,
2026-06-09 16:00:00,10.0,380.763,54973.5075,5791.035,15137.5925,21021.0,487.38,20928.6275,da,2026-06-09,2026-06-08,2026-06-08 15:00:00,16,16,9_16,TimeMixer,10.0,87.7984619140625,,,
2026-06-09 17:00:00,297.33,414.096,60285.98,5637.86,10189.1925,23920.5,7929.4275,15827.0525,da,2026-06-09,2026-06-08,2026-06-08 15:00:00,17,17,17_24,TimeMixer,297.33,291.6357116699219,,,
2026-06-09 18:00:00,533.15,643.319,65902.16,5151.5625,4853.3075,25312.25,17957.29,10004.87,da,2026-06-09,2026-06-08,2026-06-08 15:00:00,18,18,17_24,TimeMixer,533.15,443.02752685546875,,,
2026-06-09 19:00:00,599.0,717.189,70190.3275,4673.125,1222.12,25174.25,26489.3325,5895.245,da,2026-06-09,2026-06-08,2026-06-08 15:00:00,19,19,17_24,TimeMixer,599.0,449.1698303222656,,,
2026-06-09 20:00:00,605.125,702.837,72826.405,4487.6675,34.695,24336.75,31335.7925,4522.3625,da,2026-06-09,2026-06-08,2026-06-08 15:00:00,20,20,17_24,TimeMixer,605.125,461.3316955566406,,,
2026-06-09 21:00:00,598.0,685.563,72039.78,4396.0125,0.0,22545.75,32466.5175,4396.0125,da,2026-06-09,2026-06-08,2026-06-08 15:00:00,21,21,17_24,TimeMixer,598.0,464.581298828125,,,
2026-06-09 22:00:00,582.25,685.237,69301.1125,4188.7575,0.0,21376.75,31104.105,4188.7575,da,2026-06-09,2026-06-08,2026-06-08 15:00:00,22,22,17_24,TimeMixer,582.25,481.4935607910156,,,
2026-06-09 23:00:00,600.0,654.943,65700.8,4112.765,0.0,20290.75,28665.785,4112.765,da,2026-06-09,2026-06-08,2026-06-08 15:00:00,23,23,17_24,TimeMixer,600.0,457.29315185546875,,,
2026-06-10 00:00:00,598.0,677.948,64288.0975,3875.3,0.0,19073.0,28708.2975,3875.3,da,2026-06-10,2026-06-09,2026-06-09 15:00:00,0,24,17_24,TimeMixer,598.0,457.8693542480469,,,
2026-06-10 01:00:00,617.5,731.144,62688.37,3024.1475,0.0,20185.0,26817.7225,3024.1475,da,2026-06-10,2026-06-09,2026-06-09 15:00:00,1,1,1_8,TimeMixer,617.5,476.13665771484375,,,
2026-06-10 02:00:00,600.5,712.19,61234.5925,2718.0575,0.0,20184.75,25670.285,2718.0575,da,2026-06-10,2026-06-09,2026-06-09 15:00:00,2,2,1_8,TimeMixer,600.5,435.3497619628906,,,
2026-06-10 03:00:00,600.0,712.828,59929.92,2566.8075,0.0,20184.25,24517.3625,2566.8075,da,2026-06-10,2026-06-09,2026-06-09 15:00:00,3,3,1_8,TimeMixer,600.0,419.73980712890625,,,
2026-06-10 04:00:00,600.0,715.502,59159.525,2596.8325,0.015,20185.25,23715.9275,2596.8475,da,2026-06-10,2026-06-09,2026-06-09 15:00:00,4,4,1_8,TimeMixer,600.0,422.62835693359375,,,
2026-06-10 05:00:00,600.0,723.078,59729.92,2803.29,35.995,20015.75,24213.385,2839.285,da,2026-06-10,2026-06-09,2026-06-09 15:00:00,5,5,1_8,TimeMixer,600.0,424.86102294921875,,,
2026-06-10 06:00:00,545.0,648.129,60537.4075,2960.3825,1347.7775,21417.25,22150.4975,4308.16,da,2026-06-10,2026-06-09,2026-06-09 15:00:00,6,6,1_8,TimeMixer,545.0,468.61163330078125,,,
2026-06-10 07:00:00,317.5,406.956,58440.0875,2684.005,5292.285,25072.75,12733.2975,7976.29,da,2026-06-10,2026-06-09,2026-06-09 15:00:00,7,7,1_8,TimeMixer,317.5,328.8811340332031,,,
2026-06-10 08:00:00,267.65,366.687,58362.525,2328.3775,11021.415,25383.5,7030.2325,13349.7925,da,2026-06-10,2026-06-09,2026-06-09 15:00:00,8,8,1_8,TimeMixer,267.65,175.6403045654297,,,
2026-06-10 09:00:00,173.5,334.434,55987.8975,2213.69,16431.6975,23135.0,1621.01,18645.3875,da,2026-06-10,2026-06-09,2026-06-09 15:00:00,9,9,9_16,TimeMixer,173.5,-36.30659103393555,,,
2026-06-10 10:00:00,29.5,-80.0,52472.9625,2237.705,20499.9725,21611.25,-4462.465,22737.6775,da,2026-06-10,2026-06-09,2026-06-09 15:00:00,10,10,9_16,TimeMixer,29.5,-102.25096893310547,,,
2026-06-10 11:00:00,60.0,-80.0,51099.325,2285.7575,22832.35,20128.0,-6733.2825,25118.1075,da,2026-06-10,2026-06-09,2026-06-09 15:00:00,11,11,9_16,TimeMixer,60.0,-124.60576629638672,,,
2026-06-10 12:00:00,50.0,-80.0,48211.6975,2382.4275,23667.29,19963.0,-10387.52,26049.7175,da,2026-06-10,2026-06-09,2026-06-09 15:00:00,12,12,9_16,TimeMixer,50.0,-101.28343963623047,,,
2026-06-10 13:00:00,20.0,-69.438,41892.3,2366.08,23468.3825,19962.75,-16491.4125,25834.4625,da,2026-06-10,2026-06-09,2026-06-09 15:00:00,13,13,9_16,TimeMixer,20.0,-55.72361755371094,,,
2026-06-10 14:00:00,20.0,-80.0,44734.485,2296.6025,22333.58,20060.5,-12542.6975,24630.1825,da,2026-06-10,2026-06-09,2026-06-09 15:00:00,14,14,9_16,TimeMixer,20.0,-112.86760711669922,,,
2026-06-10 15:00:00,77.063,-80.0,49046.3875,2141.6625,19819.85,20199.0,-5700.625,21961.5125,da,2026-06-10,2026-06-09,2026-06-09 15:00:00,15,15,9_16,TimeMixer,77.063,-37.75300598144531,,,
2026-06-10 16:00:00,94.5,216.336,54371.125,1997.5475,15895.65,21468.5,2422.9275,17893.1975,da,2026-06-10,2026-06-09,2026-06-09 15:00:00,16,16,9_16,TimeMixer,94.5,120.70954895019531,,,
2026-06-10 17:00:00,348.5,397.907,59766.5125,1859.675,10686.3875,24596.5,9964.95,12546.0625,da,2026-06-10,2026-06-09,2026-06-09 15:00:00,17,17,17_24,TimeMixer,348.5,313.4136047363281,,,
2026-06-10 18:00:00,588.75,693.831,65769.525,1740.0975,5095.7775,26172.0,20083.9,6835.875,da,2026-06-10,2026-06-09,2026-06-09 15:00:00,18,18,17_24,TimeMixer,588.75,444.1074523925781,,,
2026-06-10 19:00:00,631.527,769.264,69512.43,1796.47,1314.62,26074.5,27645.34,3111.09,da,2026-06-10,2026-06-09,2026-06-09 15:00:00,19,19,17_24,TimeMixer,631.527,447.2540283203125,,,
2026-06-10 20:00:00,628.125,731.567,72712.7775,2133.58,43.0225,25197.0,32657.675,2176.6025,da,2026-06-10,2026-06-09,2026-06-09 15:00:00,20,20,17_24,TimeMixer,628.125,459.88287353515625,,,
2026-06-10 21:00:00,616.5,721.966,72206.265,2490.6775,0.0,23412.0,33622.0875,2490.6775,da,2026-06-10,2026-06-09,2026-06-09 15:00:00,21,21,17_24,TimeMixer,616.5,457.2152099609375,,,
2026-06-10 22:00:00,611.5,710.905,70156.0625,2666.455,0.0,21929.0,32879.1075,2666.455,da,2026-06-10,2026-06-09,2026-06-09 15:00:00,22,22,17_24,TimeMixer,611.5,469.5549011230469,,,
2026-06-10 23:00:00,612.5,699.009,66509.5125,2708.5025,0.0,20311.75,30807.76,2708.5025,da,2026-06-10,2026-06-09,2026-06-09 15:00:00,23,23,17_24,TimeMixer,612.5,458.14154052734375,,,
2026-06-11 00:00:00,621.02,704.704,65323.475,2628.935,0.0,19230.0,30783.04,2628.935,da,2026-06-11,2026-06-10,2026-06-10 15:00:00,0,24,17_24,TimeMixer,621.02,457.23260498046875,,,
2026-06-11 01:00:00,668.75,747.01,63685.8325,2758.9775,0.0,20571.75,27103.605,2758.9775,da,2026-06-11,2026-06-10,2026-06-10 15:00:00,1,1,1_8,TimeMixer,668.75,473.5788269042969,,,
2026-06-11 02:00:00,656.0,701.172,62097.2475,2724.875,0.0,20571.0,25549.8725,2724.875,da,2026-06-11,2026-06-10,2026-06-10 15:00:00,2,2,1_8,TimeMixer,656.0,431.83953857421875,,,
2026-06-11 03:00:00,636.5,651.211,60812.13,2691.1775,0.0,20570.25,24299.2025,2691.1775,da,2026-06-11,2026-06-10,2026-06-10 15:00:00,3,3,1_8,TimeMixer,636.5,414.8147888183594,,,
2026-06-11 04:00:00,630.5,594.341,59967.935,2720.5925,0.0125,20569.25,23426.58,2720.605,da,2026-06-11,2026-06-10,2026-06-10 15:00:00,4,4,1_8,TimeMixer,630.5,426.8813171386719,,,
2026-06-11 05:00:00,643.0,632.807,60718.835,2716.45,40.9675,20320.75,24389.1675,2757.4175,da,2026-06-11,2026-06-10,2026-06-10 15:00:00,5,5,1_8,TimeMixer,643.0,426.49688720703125,,,
2026-06-11 06:00:00,621.75,606.609,61695.885,2511.9825,1352.035,21522.5,23057.8675,3864.0175,da,2026-06-11,2026-06-10,2026-06-10 15:00:00,6,6,1_8,TimeMixer,621.75,467.6221008300781,,,
2026-06-11 07:00:00,408.25,316.35,60091.515,2063.3025,5335.1275,25076.5,14368.835,7398.43,da,2026-06-11,2026-06-10,2026-06-10 15:00:00,7,7,1_8,TimeMixer,408.25,325.08551025390625,,,
2026-06-11 08:00:00,273.95,234.528,59841.8825,1523.6975,11219.305,25391.0,8518.88,12743.0025,da,2026-06-11,2026-06-10,2026-06-10 15:00:00,8,8,1_8,TimeMixer,273.95,183.13914489746094,,,
2026-06-11 09:00:00,84.35,19.99,57096.1575,1190.6125,16818.9125,23297.5,2612.6325,18009.525,da,2026-06-11,2026-06-10,2026-06-10 15:00:00,9,9,9_16,TimeMixer,84.35,-28.536693572998047,,,
2026-06-11 10:00:00,10.0,-80.0,53714.01,1056.7375,20985.0625,21949.25,-3453.54,22041.8,da,2026-06-11,2026-06-10,2026-06-10 15:00:00,10,10,9_16,TimeMixer,10.0,-95.57793426513672,,,
2026-06-11 11:00:00,-9.0,-80.0,52688.5575,1036.5325,23288.5725,20095.75,-4908.7975,24325.105,da,2026-06-11,2026-06-10,2026-06-10 15:00:00,11,11,9_16,TimeMixer,-9.0,-116.75936126708984,,,
2026-06-11 12:00:00,-30.0,-80.0,50569.4425,1069.345,24110.3225,20192.0,-7978.725,25179.6675,da,2026-06-11,2026-06-10,2026-06-10 15:00:00,12,12,9_16,TimeMixer,-30.0,-93.20922088623047,,,
2026-06-11 13:00:00,-30.0,-80.0,44465.6125,1152.3025,23985.27,20016.75,-13865.21,25137.5725,da,2026-06-11,2026-06-10,2026-06-10 15:00:00,13,13,9_16,TimeMixer,-30.0,-45.72871398925781,,,
2026-06-11 14:00:00,-30.0,-80.0,47577.2975,1280.1425,22963.3675,19901.5,-9744.2125,24243.51,da,2026-06-11,2026-06-10,2026-06-10 15:00:00,14,14,9_16,TimeMixer,-30.0,-95.21932220458984,,,
2026-06-11 15:00:00,-10.0,-80.0,51136.32,1386.1325,20622.7,20056.5,-4105.5125,22008.8325,da,2026-06-11,2026-06-10,2026-06-10 15:00:00,15,15,9_16,TimeMixer,-10.0,-31.570327758789062,,,
2026-06-11 16:00:00,97.25,-80.0,56055.4375,1470.145,16666.435,21684.5,3057.8575,18136.58,da,2026-06-11,2026-06-10,2026-06-10 15:00:00,16,16,9_16,TimeMixer,97.25,135.5291748046875,,,
2026-06-11 17:00:00,322.075,265.128,61850.6425,1527.16,11206.4075,24826.25,11041.825,12733.5675,da,2026-06-11,2026-06-10,2026-06-10 15:00:00,17,17,17_24,TimeMixer,322.075,319.2227478027344,,,
2026-06-11 18:00:00,627.952,596.861,68737.1,1546.345,5322.9425,26173.75,22426.3125,6869.2875,da,2026-06-11,2026-06-10,2026-06-10 15:00:00,18,18,17_24,TimeMixer,627.952,445.4660339355469,,,
2026-06-11 19:00:00,663.15,721.029,73089.275,1653.2425,1356.5825,26074.5,30733.45,3009.825,da,2026-06-11,2026-06-10,2026-06-10 15:00:00,19,19,17_24,TimeMixer,663.15,449.134521484375,,,
2026-06-11 20:00:00,673.44,706.791,75753.2075,1934.4875,43.9175,25197.0,35306.3025,1978.405,da,2026-06-11,2026-06-10,2026-06-10 15:00:00,20,20,17_24,TimeMixer,673.44,454.5897521972656,,,
2026-06-11 21:00:00,669.25,710.16,75240.1275,2403.9325,0.0,23412.5,36162.195,2403.9325,da,2026-06-11,2026-06-10,2026-06-10 15:00:00,21,21,17_24,TimeMixer,669.25,451.8265380859375,,,
2026-06-11 22:00:00,680.37,699.701,72907.9275,2987.4,0.0,21930.25,34743.7775,2987.4,da,2026-06-11,2026-06-10,2026-06-10 15:00:00,22,22,17_24,TimeMixer,680.37,466.41748046875,,,
2026-06-11 23:00:00,654.225,677.582,68997.53,3748.1475,0.0,20455.75,31562.1325,3748.1475,da,2026-06-11,2026-06-10,2026-06-10 15:00:00,23,23,17_24,TimeMixer,654.225,455.76556396484375,,,
2026-06-12 00:00:00,650.8,667.608,67578.915,4571.9475,0.0,19469.75,30305.7175,4571.9475,da,2026-06-12,2026-06-11,2026-06-11 15:00:00,0,24,17_24,TimeMixer,650.8,453.7257385253906,,,
2026-06-12 01:00:00,430.5,364.904,66098.0025,5838.95,0.0,20570.5,26477.0525,5838.95,da,2026-06-12,2026-06-11,2026-06-11 15:00:00,1,1,1_8,TimeMixer,430.5,461.20684814453125,,,
2026-06-12 02:00:00,400.0,354.124,64077.765,6343.5675,0.0,20570.0,23952.6975,6343.5675,da,2026-06-12,2026-06-11,2026-06-11 15:00:00,2,2,1_8,TimeMixer,400.0,424.8080749511719,,,
2026-06-12 03:00:00,395.175,352.51,62538.3775,6479.79,0.0,20570.0,22277.0875,6479.79,da,2026-06-12,2026-06-11,2026-06-11 15:00:00,3,3,1_8,TimeMixer,395.175,394.7768249511719,,,
2026-06-12 04:00:00,382.25,348.889,61642.4375,6291.3475,0.0125,20570.0,21569.5775,6291.36,da,2026-06-12,2026-06-11,2026-06-11 15:00:00,4,4,1_8,TimeMixer,382.25,408.8955993652344,,,
2026-06-12 05:00:00,386.0,354.262,62324.9625,6138.405,41.6525,20318.5,22614.905,6180.0575,da,2026-06-12,2026-06-11,2026-06-11 15:00:00,5,5,1_8,TimeMixer,386.0,400.0434265136719,,,
2026-06-12 06:00:00,380.0,347.303,63101.0925,5769.1625,1349.305,21608.5,21162.625,7118.4675,da,2026-06-12,2026-06-11,2026-06-11 15:00:00,6,6,1_8,TimeMixer,380.0,435.8095397949219,,,
2026-06-12 07:00:00,348.15,45.642,62193.685,5081.87,5112.655,25327.0,13464.41,10194.525,da,2026-06-12,2026-06-11,2026-06-11 15:00:00,7,7,1_8,TimeMixer,348.15,292.3343505859375,,,
2026-06-12 08:00:00,299.75,-61.869,63213.395,4029.5825,10495.6525,25663.75,9950.41,14525.235,da,2026-06-12,2026-06-11,2026-06-11 15:00:00,8,8,1_8,TimeMixer,299.75,156.90988159179688,,,
2026-06-12 09:00:00,234.11,116.335,62859.53,3108.2475,15491.3825,23302.25,8121.15,18599.63,da,2026-06-12,2026-06-11,2026-06-11 15:00:00,9,9,9_16,TimeMixer,234.11,-24.763439178466797,,,
2026-06-12 10:00:00,101.678,125.484,61195.855,2656.12,19210.6575,21625.25,4867.3275,21866.7775,da,2026-06-12,2026-06-11,2026-06-11 15:00:00,10,10,9_16,TimeMixer,101.678,-77.1674575805664,,,
2026-06-12 11:00:00,104.5,87.227,61476.4675,2641.5625,21304.6775,20165.75,4527.9775,23946.24,da,2026-06-12,2026-06-11,2026-06-11 15:00:00,11,11,9_16,TimeMixer,104.5,-82.94947052001953,,,
2026-06-12 12:00:00,62.0,61.114,59160.465,2896.9275,22036.1925,20035.0,1355.845,24933.12,da,2026-06-12,2026-06-11,2026-06-11 15:00:00,12,12,9_16,TimeMixer,62.0,-49.681602478027344,,,
2026-06-12 13:00:00,29.5,-17.492,54353.83,3511.27,21841.51,20036.5,-3871.95,25352.78,da,2026-06-12,2026-06-11,2026-06-11 15:00:00,13,13,9_16,TimeMixer,29.5,-33.012481689453125,,,
2026-06-12 14:00:00,29.5,337.286,57174.02,4287.3075,20667.6025,20116.25,-733.64,24954.91,da,2026-06-12,2026-06-11,2026-06-11 15:00:00,14,14,9_16,TimeMixer,29.5,-65.93450164794922,,,
2026-06-12 15:00:00,122.0,313.25,60846.655,5223.6625,18092.12,20217.5,4476.8725,23315.7825,da,2026-06-12,2026-06-11,2026-06-11 15:00:00,15,15,9_16,TimeMixer,122.0,-35.04393005371094,,,
2026-06-12 16:00:00,293.58,337.636,65573.7125,6408.7325,14249.76,21450.5,10628.22,20658.4925,da,2026-06-12,2026-06-11,2026-06-11 15:00:00,16,16,9_16,TimeMixer,293.58,145.05508422851562,,,
2026-06-12 17:00:00,279.463,342.176,70371.66,7709.175,9364.86,24715.0,15673.625,17074.035,da,2026-06-12,2026-06-11,2026-06-11 15:00:00,17,17,17_24,TimeMixer,279.463,309.9991149902344,,,
2026-06-12 18:00:00,388.628,350.251,74511.9625,8960.8625,4431.6225,26653.75,21537.9775,13392.485,da,2026-06-12,2026-06-11,2026-06-11 15:00:00,18,18,17_24,TimeMixer,388.628,448.2943115234375,,,
2026-06-12 19:00:00,400.0,350.112,77432.12,10308.83,1158.975,26631.25,26401.565,11467.805,da,2026-06-12,2026-06-11,2026-06-11 15:00:00,19,19,17_24,TimeMixer,400.0,456.7752990722656,,,
2026-06-12 20:00:00,400.0,338.321,80255.6025,11966.015,40.55,25761.0,29556.5375,12006.565,da,2026-06-12,2026-06-11,2026-06-11 15:00:00,20,20,17_24,TimeMixer,400.0,447.8590393066406,,,
2026-06-12 21:00:00,398.0,337.355,80082.825,13482.175,0.0,23976.0,29693.15,13482.175,da,2026-06-12,2026-06-11,2026-06-11 15:00:00,21,21,17_24,TimeMixer,398.0,465.04864501953125,,,
2026-06-12 22:00:00,389.5,337.14,77582.8875,14653.49,0.0,22493.0,27504.8975,14653.49,da,2026-06-12,2026-06-11,2026-06-11 15:00:00,22,22,17_24,TimeMixer,389.5,478.40966796875,,,
2026-06-12 23:00:00,388.0,362.127,73794.87,15483.97,0.0,20808.0,24571.4,15483.97,da,2026-06-12,2026-06-11,2026-06-11 15:00:00,23,23,17_24,TimeMixer,388.0,455.1451721191406,,,
2026-06-13 00:00:00,386.0,380.508,72082.7375,15840.8175,0.0,19485.5,23824.92,15840.8175,da,2026-06-13,2026-06-12,2026-06-12 15:00:00,0,24,17_24,TimeMixer,386.0,399.810302734375,,,
2026-06-13 01:00:00,390.0,388.425,68029.845,15177.02,0.0,20800.5,19190.825,15177.02,da,2026-06-13,2026-06-12,2026-06-12 15:00:00,1,1,1_8,TimeMixer,390.0,394.1484069824219,,,
2026-06-13 02:00:00,370.0,370.524,65590.7125,14609.355,0.0,20814.75,17305.1075,14609.355,da,2026-06-13,2026-06-12,2026-06-12 15:00:00,2,2,1_8,TimeMixer,370.0,365.15704345703125,,,
2026-06-13 03:00:00,335.0,368.188,63569.7275,13805.3475,0.0,20780.75,16122.13,13805.3475,da,2026-06-13,2026-06-12,2026-06-12 15:00:00,3,3,1_8,TimeMixer,335.0,356.8708190917969,,,
2026-06-13 04:00:00,324.5,360.819,62486.6,12868.44,0.01,20779.0,15977.65,12868.45,da,2026-06-13,2026-06-12,2026-06-12 15:00:00,4,4,1_8,TimeMixer,324.5,329.40557861328125,,,
2026-06-13 05:00:00,381.0,356.526,62829.8925,11952.9,55.82,20528.0,17431.6725,12008.72,da,2026-06-13,2026-06-12,2026-06-12 15:00:00,5,5,1_8,TimeMixer,381.0,327.1133117675781,,,
2026-06-13 06:00:00,366.2,362.916,63853.6375,10987.83,1130.2575,21738.25,17135.8,12118.0875,da,2026-06-13,2026-06-12,2026-06-12 15:00:00,6,6,1_8,TimeMixer,366.2,356.6588134765625,,,
2026-06-13 07:00:00,252.5,340.861,62655.1875,9851.5375,4212.525,25329.25,10404.125,14064.0625,da,2026-06-13,2026-06-12,2026-06-12 15:00:00,7,7,1_8,TimeMixer,252.5,227.75509643554688,,,
2026-06-13 08:00:00,151.0,351.274,63273.2675,8575.1575,8925.7775,25663.0,7310.3325,17500.935,da,2026-06-13,2026-06-12,2026-06-12 15:00:00,8,8,1_8,TimeMixer,151.0,124.37223052978516,,,
2026-06-13 09:00:00,170.81,369.244,62157.38,7923.6975,13652.4575,23260.25,4534.475,21576.155,da,2026-06-13,2026-06-12,2026-06-12 15:00:00,9,9,9_16,TimeMixer,170.81,-67.99579620361328,,,
2026-06-13 10:00:00,70.0,359.711,60088.37,7944.3075,17435.7525,21583.75,338.06,25380.06,da,2026-06-13,2026-06-12,2026-06-12 15:00:00,10,10,9_16,TimeMixer,70.0,-102.04586029052734,,,
2026-06-13 11:00:00,37.0,219.8,60076.6275,8346.19,19867.895,20219.5,-1143.4575,28214.085,da,2026-06-13,2026-06-12,2026-06-12 15:00:00,11,11,9_16,TimeMixer,37.0,-100.87215423583984,,,
2026-06-13 12:00:00,26.5,-80.0,57950.4975,8872.4825,20908.4875,20151.25,-4768.2225,29780.97,da,2026-06-13,2026-06-12,2026-06-12 15:00:00,12,12,9_16,TimeMixer,26.5,-87.8072738647461,,,
2026-06-13 13:00:00,25.0,-80.0,52877.6275,9490.3475,20559.1125,20107.0,-10065.3325,30049.46,da,2026-06-13,2026-06-12,2026-06-12 15:00:00,13,13,9_16,TimeMixer,25.0,-90.67677307128906,,,
2026-06-13 14:00:00,99.5,155.709,56508.4175,10254.92,18856.725,20126.75,-5516.4775,29111.645,da,2026-06-13,2026-06-12,2026-06-12 15:00:00,14,14,9_16,TimeMixer,99.5,-71.1347885131836,,,
2026-06-13 15:00:00,99.5,132.922,60525.0525,10898.8775,15964.24,20227.25,648.185,26863.1175,da,2026-06-13,2026-06-12,2026-06-12 15:00:00,15,15,9_16,TimeMixer,99.5,-88.69435119628906,,,
2026-06-13 16:00:00,300.0,391.032,65185.96,11236.98,12165.7225,21426.5,7570.2575,23402.7025,da,2026-06-13,2026-06-12,2026-06-12 15:00:00,16,16,9_16,TimeMixer,300.0,111.66241455078125,,,
2026-06-13 17:00:00,319.233,348.906,70422.31,11388.8475,7889.16,24652.0,13633.3025,19278.0075,da,2026-06-13,2026-06-12,2026-06-12 15:00:00,17,17,17_24,TimeMixer,319.233,302.8902282714844,,,
2026-06-13 18:00:00,399.5,359.794,75180.3875,11308.68,3824.2725,26654.25,20515.435,15132.9525,da,2026-06-13,2026-06-12,2026-06-12 15:00:00,18,18,17_24,TimeMixer,399.5,429.4622802734375,,,
2026-06-13 19:00:00,400.0,346.821,77593.53,11506.9475,1039.36,26631.25,25534.4725,12546.3075,da,2026-06-13,2026-06-12,2026-06-12 15:00:00,19,19,17_24,TimeMixer,400.0,446.4721374511719,,,
2026-06-13 20:00:00,387.0,354.418,79125.8025,12196.54,58.385,25761.0,28228.3775,12254.925,da,2026-06-13,2026-06-12,2026-06-12 15:00:00,20,20,17_24,TimeMixer,387.0,437.5545959472656,,,
2026-06-13 21:00:00,394.0,353.276,78403.795,13081.675,0.0,23976.0,28464.62,13081.675,da,2026-06-13,2026-06-12,2026-06-12 15:00:00,21,21,17_24,TimeMixer,394.0,455.7613830566406,,,
2026-06-13 22:00:00,390.5,371.079,75980.9925,13719.865,0.0,22493.25,26886.3775,13719.865,da,2026-06-13,2026-06-12,2026-06-12 15:00:00,22,22,17_24,TimeMixer,390.5,466.884765625,,,
2026-06-13 23:00:00,395.0,374.751,72208.8975,14067.7375,0.0,20905.25,24354.41,14067.7375,da,2026-06-13,2026-06-12,2026-06-12 15:00:00,23,23,17_24,TimeMixer,395.0,440.61737060546875,,,
2026-06-14 00:00:00,392.0,414.513,71348.0725,13944.4125,0.0,19697.5,24824.66,13944.4125,da,2026-06-14,2026-06-13,2026-06-13 15:00:00,0,24,17_24,TimeMixer,392.0,429.394775390625,,,
2026-06-14 01:00:00,400.0,448.756,70127.4075,12594.57,0.0,20800.5,23971.5375,12594.57,da,2026-06-14,2026-06-13,2026-06-13 15:00:00,1,1,1_8,TimeMixer,400.0,433.58245849609375,,,
2026-06-14 02:00:00,386.0,398.522,67667.4925,12069.295,0.0,20814.75,22022.6475,12069.295,da,2026-06-14,2026-06-13,2026-06-13 15:00:00,2,2,1_8,TimeMixer,386.0,397.6020202636719,,,
2026-06-14 03:00:00,385.5,385.068,65663.1225,11299.65,0.0,20781.0,20821.6725,11299.65,da,2026-06-14,2026-06-13,2026-06-13 15:00:00,3,3,1_8,TimeMixer,385.5,385.3339538574219,,,
2026-06-14 04:00:00,383.0,374.883,64843.1375,10350.075,0.0125,20779.25,20953.0,10350.0875,da,2026-06-14,2026-06-13,2026-06-13 15:00:00,4,4,1_8,TimeMixer,383.0,360.5997314453125,,,
2026-06-14 05:00:00,389.5,378.919,65030.0975,9489.5725,27.2,20528.0,22224.525,9516.7725,da,2026-06-14,2026-06-13,2026-06-13 15:00:00,5,5,1_8,TimeMixer,389.5,360.8470458984375,,,
2026-06-14 06:00:00,383.5,377.845,65811.585,8565.2825,943.2625,21738.5,21803.74,9508.545,da,2026-06-14,2026-06-13,2026-06-13 15:00:00,6,6,1_8,TimeMixer,383.5,395.2546691894531,,,
2026-06-14 07:00:00,333.715,350.426,62696.4825,7460.4825,3729.4975,25329.25,13420.2025,11189.98,da,2026-06-14,2026-06-13,2026-06-13 15:00:00,7,7,1_8,TimeMixer,333.715,253.951904296875,,,
2026-06-14 08:00:00,342.75,346.917,63447.6075,6283.465,8228.205,25663.25,10574.3875,14511.67,da,2026-06-14,2026-06-13,2026-06-13 15:00:00,8,8,1_8,TimeMixer,342.75,124.42314910888672,,,
2026-06-14 09:00:00,291.0,326.857,60446.1475,5636.9475,13416.8375,23259.75,5446.8125,19053.785,da,2026-06-14,2026-06-13,2026-06-13 15:00:00,9,9,9_16,TimeMixer,291.0,-79.89380645751953,,,
2026-06-14 10:00:00,165.5,331.67,57504.8325,5596.155,18031.9225,21641.0,-450.045,23628.0775,da,2026-06-14,2026-06-13,2026-06-13 15:00:00,10,10,9_16,TimeMixer,165.5,-118.41600799560547,,,
2026-06-14 11:00:00,173.5,199.752,55653.6075,5805.24,20968.935,20517.0,-4323.3675,26774.175,da,2026-06-14,2026-06-13,2026-06-13 15:00:00,11,11,9_16,TimeMixer,173.5,-111.83885955810547,,,
2026-06-14 12:00:00,55.0,224.486,53830.97,6193.695,22295.775,20222.5,-7566.8,28489.47,da,2026-06-14,2026-06-13,2026-06-13 15:00:00,12,12,9_16,TimeMixer,55.0,-101.99199676513672,,,
2026-06-14 13:00:00,56.875,-80.0,49506.3375,6600.4125,22202.475,20347.0,-12329.35,28802.8875,da,2026-06-14,2026-06-13,2026-06-13 15:00:00,13,13,9_16,TimeMixer,56.875,-90.03257751464844,,,
2026-06-14 14:00:00,56.0,-80.0,52116.525,7009.8075,20803.1775,20502.5,-8884.76,27812.985,da,2026-06-14,2026-06-13,2026-06-13 15:00:00,14,14,9_16,TimeMixer,56.0,-100.76494598388672,,,
2026-06-14 15:00:00,110.5,-64.607,56044.565,7448.9675,18097.6125,20592.5,-2780.315,25546.58,da,2026-06-14,2026-06-13,2026-06-13 15:00:00,15,15,9_16,TimeMixer,110.5,-93.25053405761719,,,
2026-06-14 16:00:00,315.5,180.289,61358.895,7871.0525,14181.07,21550.75,5070.2225,22052.1225,da,2026-06-14,2026-06-13,2026-06-13 15:00:00,16,16,9_16,TimeMixer,315.5,101.15812683105469,,,
2026-06-14 17:00:00,378.625,275.755,66695.1625,8355.9325,9468.2525,24651.25,11461.4275,17824.185,da,2026-06-14,2026-06-13,2026-06-13 15:00:00,17,17,17_24,TimeMixer,378.625,294.6880798339844,,,
2026-06-14 18:00:00,400.0,351.504,71804.3925,8956.26,4575.195,26653.75,18842.1375,13531.455,da,2026-06-14,2026-06-13,2026-06-13 15:00:00,18,18,17_24,TimeMixer,400.0,438.78009033203125,,,
2026-06-14 19:00:00,415.0,358.265,75801.275,9750.9175,1190.5675,26631.25,25447.74,10941.485,da,2026-06-14,2026-06-13,2026-06-13 15:00:00,19,19,17_24,TimeMixer,415.0,450.8160095214844,,,
2026-06-14 20:00:00,397.75,352.996,78280.42,10827.74,40.64,25761.25,28869.99,10868.38,da,2026-06-14,2026-06-13,2026-06-13 15:00:00,20,20,17_24,TimeMixer,397.75,445.7290954589844,,,
2026-06-14 21:00:00,390.0,350.0,77470.7,12233.385,0.0,23976.25,28480.265,12233.385,da,2026-06-14,2026-06-13,2026-06-13 15:00:00,21,21,17_24,TimeMixer,390.0,471.5380554199219,,,
2026-06-14 22:00:00,392.0,350.22,74701.02,13481.67,0.0,22493.25,25945.3,13481.67,da,2026-06-14,2026-06-13,2026-06-13 15:00:00,22,22,17_24,TimeMixer,392.0,484.6947326660156,,,
2026-06-14 23:00:00,394.0,357.788,71254.5175,14348.32,0.0,20905.5,23219.8975,14348.32,da,2026-06-14,2026-06-13,2026-06-13 15:00:00,23,23,17_24,TimeMixer,394.0,448.7972106933594,,,
2026-06-15 00:00:00,400.0,361.99,69655.475,14538.9325,0.0,20414.5,21921.2425,14538.9325,da,2026-06-15,2026-06-14,2026-06-14 15:00:00,0,24,17_24,TimeMixer,400.0,427.4933166503906,,,
2026-06-15 01:00:00,433.0,361.568,65258.0175,12665.6825,0.0,22595.75,17085.785,12665.6825,da,2026-06-15,2026-06-14,2026-06-14 15:00:00,1,1,1_8,TimeMixer,433.0,436.653076171875,,,
2026-06-15 02:00:00,400.0,349.409,63290.0875,12209.085,0.0,22807.0,15363.2025,12209.085,da,2026-06-15,2026-06-14,2026-06-14 15:00:00,2,2,1_8,TimeMixer,400.0,400.87152099609375,,,
2026-06-15 03:00:00,389.0,351.023,61595.4825,11505.615,0.0,22861.25,14317.8175,11505.615,da,2026-06-15,2026-06-14,2026-06-14 15:00:00,3,3,1_8,TimeMixer,389.0,382.9966125488281,,,
2026-06-15 04:00:00,386.0,352.874,60793.72,10636.275,0.01,22587.0,14659.635,10636.285,da,2026-06-15,2026-06-14,2026-06-14 15:00:00,4,4,1_8,TimeMixer,386.0,370.6215515136719,,,
2026-06-15 05:00:00,408.0,357.522,61321.71,9719.1225,34.7,22009.5,16647.5875,9753.8225,da,2026-06-15,2026-06-14,2026-06-14 15:00:00,5,5,1_8,TimeMixer,408.0,367.2425842285156,,,
2026-06-15 06:00:00,412.0,351.12,63266.8625,8783.7475,1101.2675,24283.5,16187.5475,9885.015,da,2026-06-15,2026-06-14,2026-06-14 15:00:00,6,6,1_8,TimeMixer,412.0,402.9498291015625,,,
2026-06-15 07:00:00,339.0,234.573,62464.3925,7641.875,4176.905,29386.5,8352.0625,11818.78,da,2026-06-15,2026-06-14,2026-06-14 15:00:00,7,7,1_8,TimeMixer,339.0,276.5135192871094,,,
2026-06-15 08:00:00,300.0,317.141,65398.135,6596.2025,8825.815,29605.0,7522.8175,15422.0175,da,2026-06-15,2026-06-14,2026-06-14 15:00:00,8,8,1_8,TimeMixer,300.0,139.4221954345703,,,
2026-06-15 09:00:00,300.0,332.297,65094.455,5982.57,13662.88,26685.25,5927.955,19645.45,da,2026-06-15,2026-06-14,2026-06-14 15:00:00,9,9,9_16,TimeMixer,300.0,-33.4514274597168,,,
2026-06-15 10:00:00,267.0,299.286,62880.0675,5603.0175,17725.03,25179.25,1536.97,23328.0475,da,2026-06-15,2026-06-14,2026-06-14 15:00:00,10,10,9_16,TimeMixer,267.0,-57.131019592285156,,,
2026-06-15 11:00:00,141.03,2.327,61682.295,5290.785,20473.62,24311.5,-1229.41,25764.405,da,2026-06-15,2026-06-14,2026-06-14 15:00:00,11,11,9_16,TimeMixer,141.03,-86.22530364990234,,,
2026-06-15 12:00:00,58.72,-80.0,58110.18,5164.46,21795.31,23984.5,-5669.89,26959.77,da,2026-06-15,2026-06-14,2026-06-14 15:00:00,12,12,9_16,TimeMixer,58.72,-59.16217803955078,,,
2026-06-15 13:00:00,29.0,-80.0,52559.4925,5195.8475,21856.4525,24182.75,-11511.3575,27052.3,da,2026-06-15,2026-06-14,2026-06-14 15:00:00,13,13,9_16,TimeMixer,29.0,-57.028839111328125,,,
2026-06-15 14:00:00,72.5,-80.0,55049.3025,5429.5675,20802.2725,24377.25,-8395.5875,26231.84,da,2026-06-15,2026-06-14,2026-06-14 15:00:00,14,14,9_16,TimeMixer,72.5,-64.12081146240234,,,
2026-06-15 15:00:00,41.0,-80.0,58307.795,5882.8975,18394.265,24627.0,-3432.1675,24277.1625,da,2026-06-15,2026-06-14,2026-06-14 15:00:00,15,15,9_16,TimeMixer,41.0,-55.82743835449219,,,
2026-06-15 16:00:00,281.5,103.351,63178.35,6498.8875,14565.2375,25918.0,3360.425,21064.125,da,2026-06-15,2026-06-14,2026-06-14 15:00:00,16,16,9_16,TimeMixer,281.5,117.10592651367188,,,
2026-06-15 17:00:00,326.5,120.823,68171.9625,7178.2675,9684.1325,29277.5,9123.7625,16862.4,da,2026-06-15,2026-06-14,2026-06-14 15:00:00,17,17,17_24,TimeMixer,326.5,295.2331237792969,,,
2026-06-15 18:00:00,405.5,339.291,73527.4,7828.5725,4664.2,31153.25,16954.3275,12492.7725,da,2026-06-15,2026-06-14,2026-06-14 15:00:00,18,18,17_24,TimeMixer,405.5,432.5503234863281,,,
2026-06-15 19:00:00,449.5,346.299,77235.1925,8547.4,1223.205,31003.25,23530.5375,9770.605,da,2026-06-15,2026-06-14,2026-06-14 15:00:00,19,19,17_24,TimeMixer,449.5,450.95556640625,,,
2026-06-15 20:00:00,439.5,348.798,79552.835,9484.5875,42.0075,30259.75,26835.69,9526.595,da,2026-06-15,2026-06-14,2026-06-14 15:00:00,20,20,17_24,TimeMixer,439.5,458.37841796875,,,
2026-06-15 21:00:00,385.545,349.427,78893.2475,10562.3275,0.0,28473.75,26926.37,10562.3275,da,2026-06-15,2026-06-14,2026-06-14 15:00:00,21,21,17_24,TimeMixer,385.545,459.6142272949219,,,
2026-06-15 22:00:00,389.125,349.372,75771.8675,11836.2875,0.0,26601.75,24403.03,11836.2875,da,2026-06-15,2026-06-14,2026-06-14 15:00:00,22,22,17_24,TimeMixer,389.125,471.7165222167969,,,
2026-06-15 23:00:00,435.0,361.258,71562.68,12763.8625,0.0,24426.25,21441.7675,12763.8625,da,2026-06-15,2026-06-14,2026-06-14 15:00:00,23,23,17_24,TimeMixer,435.0,454.2766418457031,,,
2026-06-16 00:00:00,424.0,361.518,70363.2175,13155.025,0.0,22793.5,21483.8925,13155.025,da,2026-06-16,2026-06-15,2026-06-15 15:00:00,0,24,17_24,TimeMixer,424.0,433.28546142578125,,,
2026-06-16 01:00:00,458.0,539.059,66073.06,11108.0475,0.0,22843.5,19210.7125,11108.0475,da,2026-06-16,2026-06-15,2026-06-15 15:00:00,1,1,1_8,TimeMixer,458.0,445.2641296386719,,,
2026-06-16 02:00:00,438.25,518.029,64203.03,10383.5675,0.0,22843.75,18064.9125,10383.5675,da,2026-06-16,2026-06-15,2026-06-15 15:00:00,2,2,1_8,TimeMixer,438.25,404.4270935058594,,,
2026-06-16 03:00:00,432.25,514.629,62886.3075,9574.18,0.0,22900.75,17500.5775,9574.18,da,2026-06-16,2026-06-15,2026-06-15 15:00:00,3,3,1_8,TimeMixer,432.25,387.614990234375,,,
2026-06-16 04:00:00,439.0,516.556,61946.2925,8772.5725,0.01,22625.25,17637.66,8772.5825,da,2026-06-16,2026-06-15,2026-06-15 15:00:00,4,4,1_8,TimeMixer,439.0,381.307373046875,,,
2026-06-16 05:00:00,456.0,527.45,62557.8025,8088.7625,34.935,22046.25,19477.055,8123.6975,da,2026-06-16,2026-06-15,2026-06-15 15:00:00,5,5,1_8,TimeMixer,456.0,378.0793151855469,,,
2026-06-16 06:00:00,457.0,492.891,64742.7025,7428.1675,1118.5025,24311.75,18973.4825,8546.67,da,2026-06-16,2026-06-15,2026-06-15 15:00:00,6,6,1_8,TimeMixer,457.0,415.0563659667969,,,
2026-06-16 07:00:00,329.5,184.643,64152.46,6516.8025,4403.7275,29398.5,10926.38,10920.53,da,2026-06-16,2026-06-15,2026-06-15 15:00:00,7,7,1_8,TimeMixer,329.5,283.4600830078125,,,
2026-06-16 08:00:00,284.32,387.135,65813.1525,5546.75,9431.105,29617.5,8369.4975,14977.855,da,2026-06-16,2026-06-15,2026-06-15 15:00:00,8,8,1_8,TimeMixer,284.32,151.5041961669922,,,
2026-06-16 09:00:00,265.5,250.223,64997.3375,4799.885,14603.4225,26710.75,6047.48,19403.3075,da,2026-06-16,2026-06-15,2026-06-15 15:00:00,9,9,9_16,TimeMixer,265.5,-44.31388473510742,,,
2026-06-16 10:00:00,144.0,373.347,62218.38,4270.8925,18716.4175,25207.75,1187.52,22987.31,da,2026-06-16,2026-06-15,2026-06-15 15:00:00,10,10,9_16,TimeMixer,144.0,-79.0449447631836,,,
2026-06-16 11:00:00,20.0,540.651,60989.755,3945.035,21384.9225,24343.0,-1519.0025,25329.9575,da,2026-06-16,2026-06-15,2026-06-15 15:00:00,11,11,9_16,TimeMixer,20.0,-116.43627166748047,,,
2026-06-16 12:00:00,0.0,315.524,57556.425,3842.6925,22657.2275,24013.5,-5792.795,26499.92,da,2026-06-16,2026-06-15,2026-06-15 15:00:00,12,12,9_16,TimeMixer,0.0,-95.24279022216797,,,
2026-06-16 13:00:00,-30.0,56.218,50232.055,3985.4425,22734.52,24211.5,-13535.2075,26719.9625,da,2026-06-16,2026-06-15,2026-06-15 15:00:00,13,13,9_16,TimeMixer,-30.0,-71.56085205078125,,,
2026-06-16 14:00:00,-31.0,36.401,53133.28,4451.7175,21708.5475,24407.0,-10269.785,26160.265,da,2026-06-16,2026-06-15,2026-06-15 15:00:00,14,14,9_16,TimeMixer,-31.0,-89.99471282958984,,,
2026-06-16 15:00:00,0.0,-75.294,56478.0825,5042.435,19248.5825,24657.5,-5321.235,24291.0175,da,2026-06-16,2026-06-15,2026-06-15 15:00:00,15,15,9_16,TimeMixer,0.0,-79.44908142089844,,,
2026-06-16 16:00:00,145.5,-80.0,61447.4775,5725.4925,15302.285,25936.25,1617.65,21027.7775,da,2026-06-16,2026-06-15,2026-06-15 15:00:00,16,16,9_16,TimeMixer,145.5,102.21347045898438,,,
2026-06-16 17:00:00,314.0,168.901,66886.03,6413.5325,10152.52,29277.0,8123.4275,16566.0525,da,2026-06-16,2026-06-15,2026-06-15 15:00:00,17,17,17_24,TimeMixer,314.0,290.64019775390625,,,
2026-06-16 18:00:00,423.838,499.266,72476.2725,7178.94,4795.5575,31152.25,16422.475,11974.4975,da,2026-06-16,2026-06-15,2026-06-15 15:00:00,18,18,17_24,TimeMixer,423.838,437.4556579589844,,,
2026-06-16 19:00:00,470.075,524.195,75663.04,8231.43,1242.16,31003.75,22254.9,9473.59,da,2026-06-16,2026-06-15,2026-06-15 15:00:00,19,19,17_24,TimeMixer,470.075,448.564453125,,,
2026-06-16 20:00:00,460.5,472.235,77907.65,9453.265,42.245,30259.25,25222.09,9495.51,da,2026-06-16,2026-06-15,2026-06-15 15:00:00,20,20,17_24,TimeMixer,460.5,459.0697021484375,,,
2026-06-16 21:00:00,440.0,411.149,77222.795,10826.2225,0.0,28474.25,24991.5225,10826.2225,da,2026-06-16,2026-06-15,2026-06-15 15:00:00,21,21,17_24,TimeMixer,440.0,456.2759704589844,,,
2026-06-16 22:00:00,433.838,386.038,74637.8375,12071.1075,0.0,26574.75,23061.18,12071.1075,da,2026-06-16,2026-06-15,2026-06-15 15:00:00,22,22,17_24,TimeMixer,433.838,468.5049133300781,,,
2026-06-16 23:00:00,440.0,437.608,70424.34,12968.435,0.0,24361.75,20163.355,12968.435,da,2026-06-16,2026-06-15,2026-06-15 15:00:00,23,23,17_24,TimeMixer,440.0,443.953125,,,
2026-06-17 00:00:00,450.5,459.6,69301.095,13315.04,0.0,22723.5,20331.755,13315.04,da,2026-06-17,2026-06-16,2026-06-16 15:00:00,0,24,17_24,TimeMixer,450.5,456.2213439941406,,,
2026-06-17 01:00:00,487.5,519.48,67248.3575,13154.51,0.0,22992.75,17880.2975,13154.51,da,2026-06-17,2026-06-16,2026-06-16 15:00:00,1,1,1_8,TimeMixer,487.5,463.2162170410156,,,
2026-06-17 02:00:00,469.35,494.69,65122.7675,12536.35,0.0,22971.75,16393.8675,12536.35,da,2026-06-17,2026-06-16,2026-06-16 15:00:00,2,2,1_8,TimeMixer,469.35,432.3404235839844,,,
2026-06-17 03:00:00,460.0,500.67,63551.4225,11396.1175,0.0,23001.75,15932.755,11396.1175,da,2026-06-17,2026-06-16,2026-06-16 15:00:00,3,3,1_8,TimeMixer,460.0,399.1652526855469,,,
2026-06-17 04:00:00,462.5,518.6,62653.2425,9942.7775,0.01,22732.75,16756.905,9942.7875,da,2026-06-17,2026-06-16,2026-06-16 15:00:00,4,4,1_8,TimeMixer,462.5,401.7550964355469,,,
2026-06-17 05:00:00,494.2,524.5,63383.0325,8528.69,30.1975,22145.0,19458.345,8558.8875,da,2026-06-17,2026-06-16,2026-06-16 15:00:00,5,5,1_8,TimeMixer,494.2,395.72235107421875,,,
2026-06-17 06:00:00,496.9,433.65,64920.2575,7214.955,1067.6925,23921.5,19495.31,8282.6475,da,2026-06-17,2026-06-16,2026-06-16 15:00:00,6,6,1_8,TimeMixer,496.9,437.1512451171875,,,
2026-06-17 07:00:00,333.5,-3.68,64490.605,5827.0825,4230.425,28003.25,13216.5475,10057.5075,da,2026-06-17,2026-06-16,2026-06-16 15:00:00,7,7,1_8,TimeMixer,333.5,305.0316467285156,,,
2026-06-17 08:00:00,384.75,258.39,66727.88,4530.2075,9173.06,28400.75,11488.0625,13703.2675,da,2026-06-17,2026-06-16,2026-06-16 15:00:00,8,8,1_8,TimeMixer,384.75,157.40304565429688,,,
2026-06-17 09:00:00,350.0,263.38,66446.92,3524.61,14360.42,26296.75,9184.34,17885.03,da,2026-06-17,2026-06-16,2026-06-16 15:00:00,9,9,9_16,TimeMixer,350.0,-25.103069305419922,,,
2026-06-17 10:00:00,300.0,255.56,63701.8925,2791.0425,18597.6075,24500.0,4809.9425,21388.65,da,2026-06-17,2026-06-16,2026-06-16 15:00:00,10,10,9_16,TimeMixer,300.0,-61.341087341308594,,,
2026-06-17 11:00:00,247.5,341.9,62602.3725,2158.8225,21220.005,23044.0,3223.745,23378.8275,da,2026-06-17,2026-06-16,2026-06-16 15:00:00,11,11,9_16,TimeMixer,247.5,-92.00023651123047,,,
2026-06-17 12:00:00,171.788,454.49,60082.965,1769.22,22403.6975,22923.75,67.9975,24172.9175,da,2026-06-17,2026-06-16,2026-06-16 15:00:00,12,12,9_16,TimeMixer,171.788,-65.52423858642578,,,
2026-06-17 13:00:00,105.0,437.43,55280.72,1628.2225,22246.1025,22923.75,-4430.655,23874.325,da,2026-06-17,2026-06-16,2026-06-16 15:00:00,13,13,9_16,TimeMixer,105.0,-42.66242980957031,,,
2026-06-17 14:00:00,65.453,436.02,58580.19,1665.6825,20745.965,22998.25,224.4925,22411.6475,da,2026-06-17,2026-06-16,2026-06-16 15:00:00,14,14,9_16,TimeMixer,65.453,-62.670169830322266,,,
2026-06-17 15:00:00,135.0,,62695.3,1865.065,17945.18,23204.0,6677.755,19810.245,da,2026-06-17,2026-06-16,2026-06-16 15:00:00,15,15,9_16,TimeMixer,135.0,-33.81831359863281,,,
2026-06-17 16:00:00,357.1,,67612.34,2175.29,13874.665,24739.25,13732.335,16049.955,da,2026-06-17,2026-06-16,2026-06-16 15:00:00,16,16,9_16,TimeMixer,357.1,152.22738647460938,,,
2026-06-17 17:00:00,448.355,,72561.1725,2495.0775,9040.08,27851.75,19960.965,11535.1575,da,2026-06-17,2026-06-16,2026-06-16 15:00:00,17,17,17_24,TimeMixer,448.355,311.80511474609375,,,
2026-06-17 18:00:00,550.0,,76857.315,2893.7075,4261.2175,29158.25,27308.34,7154.925,da,2026-06-17,2026-06-16,2026-06-16 15:00:00,18,18,17_24,TimeMixer,550.0,448.3004455566406,,,
2026-06-17 19:00:00,600.0,,79464.6675,3496.7125,1128.745,29170.5,32427.91,4625.4575,da,2026-06-17,2026-06-16,2026-06-16 15:00:00,19,19,17_24,TimeMixer,600.0,460.74188232421875,,,
2026-06-17 20:00:00,519.163,,81421.6625,4374.1625,41.8425,28380.75,35384.1075,4416.005,da,2026-06-17,2026-06-16,2026-06-16 15:00:00,20,20,17_24,TimeMixer,519.163,463.398681640625,,,
2026-06-17 21:00:00,523.388,,80759.08,5360.39,0.0,26510.75,35647.14,5360.39,da,2026-06-17,2026-06-16,2026-06-16 15:00:00,21,21,17_24,TimeMixer,523.388,476.0968933105469,,,
2026-06-17 22:00:00,570.0,,78133.0175,6352.1975,0.0,25000.25,33539.77,6352.1975,da,2026-06-17,2026-06-16,2026-06-16 15:00:00,22,22,17_24,TimeMixer,570.0,479.6396179199219,,,
2026-06-17 23:00:00,574.75,,74124.1225,7218.0625,0.0,23826.5,29838.76,7218.0625,da,2026-06-17,2026-06-16,2026-06-16 15:00:00,23,23,17_24,TimeMixer,574.75,455.5858154296875,,,
2026-06-18 00:00:00,594.5,,72873.1425,7525.1875,0.0,22721.75,29385.405,7525.1875,da,2026-06-18,2026-06-17,2026-06-17 15:00:00,0,24,17_24,TimeMixer,594.5,462.46722412109375,,,
2026-06-18 01:00:00,,,69363.87,6224.915,0.0,22921.75,26946.405,6224.915,da,2026-06-18,2026-06-17,2026-06-17 15:00:00,1,1,1_8,TimeMixer,,440.9745788574219,,,
2026-06-18 02:00:00,,,67123.905,5842.7775,0.0,22849.75,25160.5775,5842.7775,da,2026-06-18,2026-06-17,2026-06-17 15:00:00,2,2,1_8,TimeMixer,,431.6662292480469,,,
2026-06-18 03:00:00,,,65237.955,5336.2425,0.0,22826.5,23804.4125,5336.2425,da,2026-06-18,2026-06-17,2026-06-17 15:00:00,3,3,1_8,TimeMixer,,387.70343017578125,,,
2026-06-18 04:00:00,,,64413.13,4794.2,0.01,22555.25,23792.87,4794.21,da,2026-06-18,2026-06-17,2026-06-17 15:00:00,4,4,1_8,TimeMixer,,416.0897521972656,,,
2026-06-18 05:00:00,,,64943.535,4249.7075,32.02,22059.0,25332.0075,4281.7275,da,2026-06-18,2026-06-17,2026-06-17 15:00:00,5,5,1_8,TimeMixer,,400.9869689941406,,,
2026-06-18 06:00:00,,,66635.4575,3720.5075,1010.255,23890.0,24743.895,4730.7625,da,2026-06-18,2026-06-17,2026-06-17 15:00:00,6,6,1_8,TimeMixer,,421.9032287597656,,,
2026-06-18 07:00:00,,,67395.9775,3024.2725,3833.0075,27874.0,19401.3975,6857.28,da,2026-06-18,2026-06-17,2026-06-17 15:00:00,7,7,1_8,TimeMixer,,333.2132263183594,,,
2026-06-18 08:00:00,,,71974.495,2173.8925,7827.805,28401.0,20385.9975,10001.6975,da,2026-06-18,2026-06-17,2026-06-17 15:00:00,8,8,1_8,TimeMixer,,208.35850524902344,,,
2026-06-18 09:00:00,,,74090.1625,1569.2525,11728.0725,26509.25,21152.7875,13297.325,da,2026-06-18,2026-06-17,2026-06-17 15:00:00,9,9,9_16,TimeMixer,,161.0296173095703,,,
2026-06-18 10:00:00,,,73822.6325,1304.9625,14760.1325,24970.25,19733.9875,16065.095,da,2026-06-18,2026-06-17,2026-06-17 15:00:00,10,10,9_16,TimeMixer,,93.12518310546875,,,
2026-06-18 11:00:00,,,73568.135,1251.1775,16590.575,23787.25,18933.3325,17841.7525,da,2026-06-18,2026-06-17,2026-06-17 15:00:00,11,11,9_16,TimeMixer,,81.12289428710938,,,
2026-06-18 12:00:00,,,70585.275,1338.9925,17303.605,23697.25,15277.1275,18642.5975,da,2026-06-18,2026-06-17,2026-06-17 15:00:00,12,12,9_16,TimeMixer,,82.66146850585938,,,
2026-06-18 13:00:00,,,65028.515,1571.31,16900.7125,23704.25,9888.9425,18472.0225,da,2026-06-18,2026-06-17,2026-06-17 15:00:00,13,13,9_16,TimeMixer,,93.20745086669922,,,
2026-06-18 14:00:00,,,68058.025,1966.885,15432.225,23590.0,14073.115,17399.11,da,2026-06-18,2026-06-17,2026-06-17 15:00:00,14,14,9_16,TimeMixer,,97.88749694824219,,,
2026-06-18 15:00:00,,,72016.65,2439.085,12820.1725,23722.25,19981.8425,15259.2575,da,2026-06-18,2026-06-17,2026-06-17 15:00:00,15,15,9_16,TimeMixer,,137.77496337890625,,,
2026-06-18 16:00:00,,,75782.365,2877.055,9584.59,25273.0,24906.92,12461.645,da,2026-06-18,2026-06-17,2026-06-17 15:00:00,16,16,9_16,TimeMixer,,286.628662109375,,,
2026-06-18 17:00:00,,,78185.0375,3331.1925,6111.1025,28362.25,27117.1925,9442.295,da,2026-06-18,2026-06-17,2026-06-17 15:00:00,17,17,17_24,TimeMixer,,362.19183349609375,,,
2026-06-18 18:00:00,,,80126.4425,3791.745,2864.295,29499.0,30685.6025,6656.04,da,2026-06-18,2026-06-17,2026-06-17 15:00:00,18,18,17_24,TimeMixer,,447.4913330078125,,,
2026-06-18 19:00:00,,,81223.69,4311.9225,774.125,29609.0,33237.8425,5086.0475,da,2026-06-18,2026-06-17,2026-06-17 15:00:00,19,19,17_24,TimeMixer,,460.2506408691406,,,
2026-06-18 20:00:00,,,82693.925,5050.22,34.22,28840.0,35478.685,5084.44,da,2026-06-18,2026-06-17,2026-06-17 15:00:00,20,20,17_24,TimeMixer,,449.26806640625,,,
2026-06-18 21:00:00,,,81881.8525,5903.4825,0.0,26534.0,36153.57,5903.4825,da,2026-06-18,2026-06-17,2026-06-17 15:00:00,21,21,17_24,TimeMixer,,471.7814025878906,,,
2026-06-18 22:00:00,,,79201.655,6780.945,0.0,24950.0,34179.91,6780.945,da,2026-06-18,2026-06-17,2026-06-17 15:00:00,22,22,17_24,TimeMixer,,450.0869140625,,,
2026-06-18 23:00:00,,,75439.68,7473.7625,0.0,23680.0,30995.1175,7473.7625,da,2026-06-18,2026-06-17,2026-06-17 15:00:00,23,23,17_24,TimeMixer,,436.9839172363281,,,
2026-06-01 00:00:00,400.0,296.643,63568.2925,20531.2525,11.6,17238.5,12660.44,20542.8525,rt,2026-06-01,2026-05-31,2026-05-31 15:00:00,0,24,17_24,TimeMixer,296.643,410.82794189453125,441.3047790527344,1.0,-103.35700000000003
2026-06-01 01:00:00,360.0,365.425,62153.1425,19470.2425,12.8,18214.75,11648.85,19483.0425,rt,2026-06-01,2026-05-31,2026-05-31 15:00:00,1,1,1_8,TimeMixer,365.425,452.400390625,422.384521484375,1.0,5.425000000000011
2026-06-01 02:00:00,352.613,356.766,60403.3875,18000.0875,12.1,18203.25,11381.45,18012.1875,rt,2026-06-01,2026-05-31,2026-05-31 15:00:00,2,2,1_8,TimeMixer,356.766,429.6387939453125,401.1028747558594,1.0,4.15300000000002
2026-06-01 03:00:00,363.975,355.431,58997.6075,16140.4525,12.5,18362.75,11675.405,16152.9525,rt,2026-06-01,2026-05-31,2026-05-31 15:00:00,3,3,1_8,TimeMixer,355.431,449.5587158203125,389.4466857910156,1.0,-8.54400000000004
2026-06-01 04:00:00,387.378,322.16,58306.5325,14034.6075,12.3,18441.0,13012.125,14046.9075,rt,2026-06-01,2026-05-31,2026-05-31 15:00:00,4,4,1_8,TimeMixer,322.16,425.51788330078125,354.76348876953125,1.0,-65.21799999999996
2026-06-01 05:00:00,396.5,359.101,58908.2725,12253.87,42.8275,18425.25,15379.825,12296.6975,rt,2026-06-01,2026-05-31,2026-05-31 15:00:00,5,5,1_8,TimeMixer,359.101,433.1494140625,360.46435546875,1.0,-37.399
2026-06-01 06:00:00,376.25,362.442,60521.0325,10824.8125,1177.2125,19782.75,15929.7575,12002.025,rt,2026-06-01,2026-05-31,2026-05-31 15:00:00,6,6,1_8,TimeMixer,362.442,391.725830078125,405.0038757324219,1.0,-13.807999999999993
2026-06-01 07:00:00,100.0,34.998,59231.97,9471.93,4618.1675,22604.5,9734.6225,14090.0975,rt,2026-06-01,2026-05-31,2026-05-31 15:00:00,7,7,1_8,TimeMixer,34.998,325.8465881347656,289.0115661621094,1.0,-65.00200000000001
2026-06-01 08:00:00,-70.0,-53.391,57053.2425,8060.2175,9894.59,23231.25,3123.185,17954.8075,rt,2026-06-01,2026-05-31,2026-05-31 15:00:00,8,8,1_8,TimeMixer,-53.391,30.57892608642578,150.5519256591797,1.0,16.609
2026-06-01 09:00:00,-70.0,155.503,55404.1975,6886.0175,15341.655,21785.75,-1340.725,22227.6725,rt,2026-06-01,2026-05-31,2026-05-31 15:00:00,9,9,9_16,TimeMixer,155.503,-26.888179779052734,-37.52482223510742,1.0,225.503
2026-06-01 10:00:00,-75.0,-74.006,52232.135,6213.605,19788.67,19803.25,-6304.89,26002.275,rt,2026-06-01,2026-05-31,2026-05-31 15:00:00,10,10,9_16,TimeMixer,-74.006,-74.47499084472656,-106.95088958740234,1.0,0.9939999999999998
2026-06-01 11:00:00,-75.0,-70.772,52965.7825,5818.94,22595.34,18915.5,-7095.4975,28414.28,rt,2026-06-01,2026-05-31,2026-05-31 15:00:00,11,11,9_16,TimeMixer,-70.772,-119.0044937133789,-140.5131378173828,0.0,0.0
2026-06-01 12:00:00,-75.0,-80.0,52004.3875,5520.07,23906.0975,18778.5,-8931.78,29426.1675,rt,2026-06-01,2026-05-31,2026-05-31 15:00:00,12,12,9_16,TimeMixer,-80.0,-130.4593963623047,-129.31353759765625,0.0,-0.0
2026-06-01 13:00:00,-75.0,-48.675,48133.1025,5212.01,23966.345,18870.0,-12646.7525,29178.355,rt,2026-06-01,2026-05-31,2026-05-31 15:00:00,13,13,9_16,TimeMixer,-48.675,-110.22694396972656,-97.18505859375,0.0,0.0
2026-06-01 14:00:00,-75.0,-70.535,49869.2825,5133.3,22860.0125,19093.75,-9949.28,27993.3125,rt,2026-06-01,2026-05-31,2026-05-31 15:00:00,14,14,9_16,TimeMixer,-70.535,-82.0772705078125,-121.78014373779297,0.0,0.0
2026-06-01 15:00:00,-75.0,-80.0,52357.135,5314.7575,20252.735,19872.0,-5813.8575,25567.4925,rt,2026-06-01,2026-05-31,2026-05-31 15:00:00,15,15,9_16,TimeMixer,-80.0,13.88282299041748,-43.10212707519531,1.0,-5.0
2026-06-01 16:00:00,-49.34,-80.0,56616.005,5755.225,16034.66,20961.5,1133.12,21789.885,rt,2026-06-01,2026-05-31,2026-05-31 15:00:00,16,16,9_16,TimeMixer,-80.0,109.17646789550781,129.1006317138672,1.0,-30.659999999999997
2026-06-01 17:00:00,310.77,195.515,62909.085,6349.8825,10476.0625,22054.25,11224.89,16825.945,rt,2026-06-01,2026-05-31,2026-05-31 15:00:00,17,17,17_24,TimeMixer,195.515,402.31964111328125,306.7587890625,1.0,-115.255
2026-06-01 18:00:00,398.5,550.118,68725.975,7147.135,4811.985,23777.5,20166.605,11959.12,rt,2026-06-01,2026-05-31,2026-05-31 15:00:00,18,18,17_24,TimeMixer,550.118,480.18701171875,452.4657897949219,1.0,151.61800000000005
2026-06-01 19:00:00,514.873,562.554,73097.8075,8396.66,1117.75,23749.25,27007.6475,9514.41,rt,2026-06-01,2026-05-31,2026-05-31 15:00:00,19,19,17_24,TimeMixer,562.554,504.28662109375,473.7726745605469,0.0,0.0
2026-06-01 20:00:00,505.875,547.537,75455.8675,10115.1525,30.07,22658.25,29825.895,10145.2225,rt,2026-06-01,2026-05-31,2026-05-31 15:00:00,20,20,17_24,TimeMixer,547.537,511.6343994140625,480.9677734375,1.0,41.662000000000035
2026-06-01 21:00:00,501.375,608.046,74108.5375,11762.1275,12.2,21836.25,27671.46,11774.3275,rt,2026-06-01,2026-05-31,2026-05-31 15:00:00,21,21,17_24,TimeMixer,608.046,505.41650390625,479.9468688964844,1.0,106.67100000000005
2026-06-01 22:00:00,446.875,613.371,71544.965,13293.875,12.7,20453.25,24958.64,13306.575,rt,2026-06-01,2026-05-31,2026-05-31 15:00:00,22,22,17_24,TimeMixer,613.371,513.61474609375,513.0206909179688,1.0,166.49599999999998
2026-06-01 23:00:00,431.5,514.696,69346.56,14412.445,11.6,18884.25,23211.765,14424.045,rt,2026-06-01,2026-05-31,2026-05-31 15:00:00,23,23,17_24,TimeMixer,514.696,471.70538330078125,452.2668151855469,1.0,83.19600000000003
2026-06-02 00:00:00,411.5,424.837,66235.8925,14977.5325,11.6,17302.5,21117.76,14989.1325,rt,2026-06-02,2026-06-01,2026-06-01 15:00:00,0,24,17_24,TimeMixer,424.837,414.01385498046875,455.5536193847656,1.0,13.336999999999989
2026-06-02 01:00:00,475.25,404.257,64207.3,14990.43,11.9,19762.25,16636.22,15002.33,rt,2026-06-02,2026-06-01,2026-06-01 15:00:00,1,1,1_8,TimeMixer,404.257,457.6744384765625,438.15789794921875,0.0,-0.0
2026-06-02 02:00:00,400.0,354.302,62893.4325,14549.0375,12.0,19768.0,15757.895,14561.0375,rt,2026-06-02,2026-06-01,2026-06-01 15:00:00,2,2,1_8,TimeMixer,354.302,440.5880126953125,411.88104248046875,1.0,-45.69799999999998
2026-06-02 03:00:00,400.0,341.615,61754.745,13852.8425,11.7,19802.0,15281.7025,13864.5425,rt,2026-06-02,2026-06-01,2026-06-01 15:00:00,3,3,1_8,TimeMixer,341.615,459.1812744140625,394.65875244140625,1.0,-58.38499999999999
2026-06-02 04:00:00,411.5,335.385,60896.78,13008.9775,12.7,19810.75,15257.8525,13021.6775,rt,2026-06-02,2026-06-01,2026-06-01 15:00:00,4,4,1_8,TimeMixer,335.385,434.986572265625,371.0250549316406,1.0,-76.11500000000001
2026-06-02 05:00:00,433.67,369.238,61463.675,12166.9625,46.6175,19622.25,16821.345,12213.58,rt,2026-06-02,2026-06-01,2026-06-01 15:00:00,5,5,1_8,TimeMixer,369.238,441.237060546875,370.524658203125,1.0,-64.43200000000002
2026-06-02 06:00:00,367.5,272.422,62133.455,11289.655,1413.38,21046.5,15577.42,12703.035,rt,2026-06-02,2026-06-01,2026-06-01 15:00:00,6,6,1_8,TimeMixer,272.422,396.94952392578125,421.0955505371094,1.0,-95.07799999999997
2026-06-02 07:00:00,86.0,-80.0,59664.2675,10065.22,5561.3475,24695.25,6539.7,15626.5675,rt,2026-06-02,2026-06-01,2026-06-01 15:00:00,7,7,1_8,TimeMixer,-80.0,311.47491455078125,285.162353515625,1.0,-166.0
2026-06-02 08:00:00,-29.0,-80.0,57333.12,8461.9125,11567.755,25110.25,-550.7975,20029.6675,rt,2026-06-02,2026-06-01,2026-06-01 15:00:00,8,8,1_8,TimeMixer,-80.0,32.29466247558594,137.6900177001953,1.0,-51.0
2026-06-02 09:00:00,-70.0,-80.0,55326.8325,7212.52,17103.6375,23052.0,-4772.825,24316.1575,rt,2026-06-02,2026-06-01,2026-06-01 15:00:00,9,9,9_16,TimeMixer,-80.0,-23.81218910217285,-36.45197677612305,1.0,-10.0
2026-06-02 10:00:00,-74.988,-80.0,52129.3675,6576.7625,21250.1625,21379.5,-9808.5575,27826.925,rt,2026-06-02,2026-06-01,2026-06-01 15:00:00,10,10,9_16,TimeMixer,-80.0,-78.08674621582031,-97.64092254638672,0.0,-0.0
2026-06-02 11:00:00,-75.0,-80.0,53060.835,6216.9125,23583.8975,19848.5,-9319.975,29800.81,rt,2026-06-02,2026-06-01,2026-06-01 15:00:00,11,11,9_16,TimeMixer,-80.0,-133.72579956054688,-130.19932556152344,0.0,-0.0
2026-06-02 12:00:00,-75.0,-66.698,52939.6825,5876.1575,24439.485,19613.0,-9720.46,30315.6425,rt,2026-06-02,2026-06-01,2026-06-01 15:00:00,12,12,9_16,TimeMixer,-66.698,-145.3927764892578,-105.69844818115234,0.0,0.0
2026-06-02 13:00:00,-75.0,-59.163,49009.885,5577.22,24309.4875,19613.25,-13221.5725,29886.7075,rt,2026-06-02,2026-06-01,2026-06-01 15:00:00,13,13,9_16,TimeMixer,-59.163,-114.3811264038086,-75.32029724121094,0.0,0.0
2026-06-02 14:00:00,-75.0,-56.988,51183.9875,5387.11,23204.6925,19750.25,-9889.565,28591.8025,rt,2026-06-02,2026-06-01,2026-06-01 15:00:00,14,14,9_16,TimeMixer,-56.988,-92.3477783203125,-117.42711639404297,0.0,0.0
2026-06-02 15:00:00,-70.0,-75.992,53589.2375,5430.4,20588.7225,19953.5,-5114.885,26019.1225,rt,2026-06-02,2026-06-01,2026-06-01 15:00:00,15,15,9_16,TimeMixer,-75.992,2.7652807235717773,-37.60566711425781,1.0,-5.992000000000004
2026-06-02 16:00:00,-30.0,64.24,58034.0825,5741.44,16267.0825,21162.5,2131.56,22008.5225,rt,2026-06-02,2026-06-01,2026-06-01 15:00:00,16,16,9_16,TimeMixer,64.24,103.17765808105469,121.47897338867188,1.0,94.24
2026-06-02 17:00:00,312.175,463.308,64635.1175,6309.735,10548.38,24231.0,10742.0025,16858.115,rt,2026-06-02,2026-06-01,2026-06-01 15:00:00,17,17,17_24,TimeMixer,463.308,400.26531982421875,299.1964111328125,1.0,151.13299999999998
2026-06-02 18:00:00,455.7,636.413,70477.2375,7228.7475,4785.135,25879.0,19761.605,12013.8825,rt,2026-06-02,2026-06-01,2026-06-01 15:00:00,18,18,17_24,TimeMixer,636.413,471.962158203125,453.7829895019531,1.0,180.71300000000002
2026-06-02 19:00:00,546.81,594.886,74789.315,8605.4575,1119.1525,25774.0,26464.205,9724.61,rt,2026-06-02,2026-06-01,2026-06-01 15:00:00,19,19,17_24,TimeMixer,594.886,506.175537109375,471.58209228515625,0.0,0.0
2026-06-02 20:00:00,546.75,510.564,77639.8725,10165.775,31.8,24847.0,29768.7975,10197.575,rt,2026-06-02,2026-06-01,2026-06-01 15:00:00,20,20,17_24,TimeMixer,510.564,513.5465087890625,477.22894287109375,0.0,-0.0
2026-06-02 21:00:00,551.5,521.208,76700.5025,11524.0625,11.3,23057.0,29281.64,11535.3625,rt,2026-06-02,2026-06-01,2026-06-01 15:00:00,21,21,17_24,TimeMixer,521.208,503.4522705078125,484.7651672363281,0.0,-0.0
2026-06-02 22:00:00,545.75,521.952,74308.615,12417.2025,11.9,21617.0,27436.0125,12429.1025,rt,2026-06-02,2026-06-01,2026-06-01 15:00:00,22,22,17_24,TimeMixer,521.952,508.97491455078125,515.951171875,0.0,-0.0
2026-06-02 23:00:00,521.0,493.448,71600.08,12875.27,12.6,19987.25,25898.46,12887.87,rt,2026-06-02,2026-06-01,2026-06-01 15:00:00,23,23,17_24,TimeMixer,493.448,470.41925048828125,454.4937438964844,0.0,-0.0
2026-06-03 00:00:00,500.0,615.833,67735.0225,12998.0875,11.4,18536.0,23363.035,13009.4875,rt,2026-06-03,2026-06-02,2026-06-02 15:00:00,0,24,17_24,TimeMixer,615.833,447.95098876953125,455.0612487792969,0.0,0.0
2026-06-03 01:00:00,494.0,516.964,67722.6825,11864.5675,12.6,19530.0,23609.015,11877.1675,rt,2026-06-03,2026-06-02,2026-06-02 15:00:00,1,1,1_8,TimeMixer,516.964,459.6195068359375,438.156005859375,0.0,0.0
2026-06-03 02:00:00,447.0,471.11,65746.605,11612.245,12.1,19530.0,21885.76,11624.345,rt,2026-06-03,2026-06-02,2026-06-02 15:00:00,2,2,1_8,TimeMixer,471.11,447.427978515625,413.8210754394531,1.0,24.110000000000014
2026-06-03 03:00:00,440.0,429.557,63826.375,11316.245,11.9,19530.0,20261.73,11328.145,rt,2026-06-03,2026-06-02,2026-06-02 15:00:00,3,3,1_8,TimeMixer,429.557,448.601806640625,383.2019958496094,1.0,-10.442999999999984
2026-06-03 04:00:00,445.5,434.58,62616.88,11012.2475,11.51,19530.0,19356.6225,11023.7575,rt,2026-06-03,2026-06-02,2026-06-02 15:00:00,4,4,1_8,TimeMixer,434.58,436.10198974609375,381.0149230957031,0.0,-0.0
2026-06-03 05:00:00,412.5,481.472,63182.1775,10712.045,33.535,19361.0,20369.0975,10745.58,rt,2026-06-03,2026-06-02,2026-06-02 15:00:00,5,5,1_8,TimeMixer,481.472,427.4189453125,368.30426025390625,1.0,68.97199999999998
2026-06-03 06:00:00,413.2,478.715,64286.2975,10211.7125,927.8625,20823.75,19616.4725,11139.575,rt,2026-06-03,2026-06-02,2026-06-02 15:00:00,6,6,1_8,TimeMixer,478.715,391.72100830078125,403.712158203125,0.0,0.0
2026-06-03 07:00:00,274.313,317.513,64883.6825,9345.2725,3496.25,24590.5,14748.91,12841.5225,rt,2026-06-03,2026-06-02,2026-06-02 15:00:00,7,7,1_8,TimeMixer,317.513,294.4446716308594,287.68902587890625,1.0,43.19999999999999
2026-06-03 08:00:00,232.64,389.433,66791.265,8350.29,7483.3125,24902.75,13410.9125,15833.6025,rt,2026-06-03,2026-06-02,2026-06-02 15:00:00,8,8,1_8,TimeMixer,389.433,210.0343017578125,143.34591674804688,0.0,0.0
2026-06-03 09:00:00,276.0,465.032,67746.0425,7668.73,11866.3,22662.25,12917.2625,19535.03,rt,2026-06-03,2026-06-02,2026-06-02 15:00:00,9,9,9_16,TimeMixer,465.032,199.42999267578125,70.1302261352539,0.0,0.0
2026-06-03 10:00:00,95.5,482.101,66591.725,7610.97,15498.96,21138.0,9712.295,23109.93,rt,2026-06-03,2026-06-02,2026-06-02 15:00:00,10,10,9_16,TimeMixer,482.101,166.44215393066406,31.734445571899414,1.0,386.601
2026-06-03 11:00:00,4.5,488.563,65908.635,7765.9325,18279.0975,19475.0,7757.105,26045.03,rt,2026-06-03,2026-06-02,2026-06-02 15:00:00,11,11,9_16,TimeMixer,488.563,147.23556518554688,-7.762838840484619,1.0,484.063
2026-06-03 12:00:00,30.5,477.629,63208.0,8036.2975,20044.51,19176.0,3319.6925,28080.8075,rt,2026-06-03,2026-06-02,2026-06-02 15:00:00,12,12,9_16,TimeMixer,477.629,-35.6124382019043,32.177818298339844,0.0,0.0
2026-06-03 13:00:00,8.5,388.951,58326.6325,8222.8175,20462.5875,19150.25,-2140.5225,28685.405,rt,2026-06-03,2026-06-02,2026-06-02 15:00:00,13,13,9_16,TimeMixer,388.951,-18.007875442504883,24.734115600585938,0.0,0.0
2026-06-03 14:00:00,6.56,202.338,60841.9975,8442.3375,19219.1125,19319.75,1229.2975,27661.45,rt,2026-06-03,2026-06-02,2026-06-02 15:00:00,14,14,9_16,TimeMixer,202.338,6.054976463317871,2.5149643421173096,0.0,0.0
2026-06-03 15:00:00,83.25,119.573,64340.6375,8702.0175,16530.975,19568.5,6907.645,25232.9925,rt,2026-06-03,2026-06-02,2026-06-02 15:00:00,15,15,9_16,TimeMixer,119.573,255.12496948242188,78.63224792480469,1.0,36.32299999999999
2026-06-03 16:00:00,300.0,42.106,69173.92,9225.59,12580.81,20752.0,13984.02,21806.4,rt,2026-06-03,2026-06-02,2026-06-02 15:00:00,16,16,9_16,TimeMixer,42.106,317.7818298339844,194.49110412597656,1.0,-257.894
2026-06-03 17:00:00,402.5,497.462,73973.2625,9860.7225,7867.675,23776.75,19764.115,17728.3975,rt,2026-06-03,2026-06-02,2026-06-02 15:00:00,17,17,17_24,TimeMixer,497.462,420.52740478515625,322.9494323730469,1.0,94.96199999999999
2026-06-03 18:00:00,502.0,572.353,77364.875,10333.8175,3488.9125,25360.75,25458.645,13822.73,rt,2026-06-03,2026-06-02,2026-06-02 15:00:00,18,18,17_24,TimeMixer,572.353,470.90948486328125,455.7201232910156,0.0,0.0
2026-06-03 19:00:00,524.0,536.775,79504.52,10824.125,822.3525,25323.75,29807.7925,11646.4775,rt,2026-06-03,2026-06-02,2026-06-02 15:00:00,19,19,17_24,TimeMixer,536.775,497.7257080078125,476.25469970703125,0.0,0.0
2026-06-03 20:00:00,520.0,531.978,80497.1675,11263.1075,28.535,24610.75,31868.275,11291.6425,rt,2026-06-03,2026-06-02,2026-06-02 15:00:00,20,20,17_24,TimeMixer,531.978,496.93414306640625,479.039306640625,0.0,0.0
2026-06-03 21:00:00,527.0,539.882,79361.9475,11085.115,11.6,22984.25,32554.4825,11096.715,rt,2026-06-03,2026-06-02,2026-06-02 15:00:00,21,21,17_24,TimeMixer,539.882,499.49578857421875,493.513916015625,0.0,0.0
2026-06-03 22:00:00,545.995,519.857,76176.1075,10720.945,12.6,21417.25,31298.8125,10733.545,rt,2026-06-03,2026-06-02,2026-06-02 15:00:00,22,22,17_24,TimeMixer,519.857,499.70172119140625,524.6085205078125,0.0,-0.0
2026-06-03 23:00:00,540.5,421.655,72177.335,10239.8025,13.0,19640.5,29557.5325,10252.8025,rt,2026-06-03,2026-06-02,2026-06-02 15:00:00,23,23,17_24,TimeMixer,421.655,452.18603515625,459.4712829589844,0.0,-0.0
2026-06-04 00:00:00,540.5,414.112,70079.02,9437.9325,11.6,18387.75,29515.2375,9449.5325,rt,2026-06-04,2026-06-03,2026-06-03 15:00:00,0,24,17_24,TimeMixer,414.112,448.699951171875,465.6913146972656,0.0,-0.0
2026-06-04 01:00:00,525.0,590.569,62988.9225,8087.0075,0.0,19536.0,22759.415,8087.0075,rt,2026-06-04,2026-06-03,2026-06-03 15:00:00,1,1,1_8,TimeMixer,590.569,478.33392333984375,459.1482849121094,0.0,0.0
2026-06-04 02:00:00,502.5,491.713,61130.3225,7359.6275,0.0,19535.5,21628.695,7359.6275,rt,2026-06-04,2026-06-03,2026-06-03 15:00:00,2,2,1_8,TimeMixer,491.713,471.65673828125,429.4427185058594,0.0,-0.0
2026-06-04 03:00:00,457.5,629.895,59909.475,7012.0125,0.0,19534.75,20756.2125,7012.0125,rt,2026-06-04,2026-06-03,2026-06-03 15:00:00,3,3,1_8,TimeMixer,629.895,474.03521728515625,402.2516784667969,1.0,172.39499999999998
2026-06-04 04:00:00,450.0,490.96,59253.4825,7001.33,0.0125,19536.0,20109.64,7001.3425,rt,2026-06-04,2026-06-03,2026-06-03 15:00:00,4,4,1_8,TimeMixer,490.96,453.72796630859375,408.48956298828125,1.0,40.95999999999998
2026-06-04 05:00:00,412.299,618.688,59260.61,7174.565,50.445,19402.25,20026.85,7225.01,rt,2026-06-04,2026-06-03,2026-06-03 15:00:00,5,5,1_8,TimeMixer,618.688,466.4742431640625,395.0897521972656,1.0,206.389
2026-06-04 06:00:00,430.75,575.907,60559.4025,7401.87,932.98,20760.25,18857.8025,8334.85,rt,2026-06-04,2026-06-03,2026-06-03 15:00:00,6,6,1_8,TimeMixer,575.907,416.91650390625,443.1872863769531,0.0,0.0
2026-06-04 07:00:00,329.61,378.624,60357.64,7411.75,3578.73,24238.5,12525.91,10990.48,rt,2026-06-04,2026-06-03,2026-06-03 15:00:00,7,7,1_8,TimeMixer,378.624,314.67498779296875,300.36376953125,0.0,0.0
2026-06-04 08:00:00,255.5,429.017,62151.36,7396.1275,7697.1775,24670.0,9844.055,15093.305,rt,2026-06-04,2026-06-03,2026-06-03 15:00:00,8,8,1_8,TimeMixer,429.017,210.592041015625,144.1753692626953,0.0,0.0
2026-06-04 09:00:00,136.0,626.057,61322.3575,7271.96,12271.7,22778.0,6469.1975,19543.66,rt,2026-06-04,2026-06-03,2026-06-03 15:00:00,9,9,9_16,TimeMixer,626.057,152.03514099121094,29.364826202392578,1.0,490.057
2026-06-04 10:00:00,0.0,441.169,58433.95,6897.08,16477.3575,21490.25,1037.7625,23374.4375,rt,2026-06-04,2026-06-03,2026-06-03 15:00:00,10,10,9_16,TimeMixer,441.169,-47.9334831237793,-36.09247589111328,0.0,0.0
2026-06-04 11:00:00,-67.948,329.402,56438.5,6543.4825,19781.835,19966.0,-2384.3175,26325.3175,rt,2026-06-04,2026-06-03,2026-06-03 15:00:00,11,11,9_16,TimeMixer,329.402,-101.1916275024414,-67.7450942993164,0.0,0.0
2026-06-04 12:00:00,-44.5,-80.0,53094.375,6164.155,21758.7675,19744.0,-7104.0475,27922.9225,rt,2026-06-04,2026-06-03,2026-06-03 15:00:00,12,12,9_16,TimeMixer,-80.0,-107.09334564208984,-15.153327941894531,0.0,-0.0
2026-06-04 13:00:00,-45.875,-80.0,47976.4725,5748.9225,22296.2225,19744.0,-12344.1725,28045.145,rt,2026-06-04,2026-06-03,2026-06-03 15:00:00,13,13,9_16,TimeMixer,-80.0,-77.31197357177734,0.47999513149261475,0.0,-0.0
2026-06-04 14:00:00,-60.625,-80.0,49271.6375,5508.7425,21802.755,19842.75,-10414.11,27311.4975,rt,2026-06-04,2026-06-03,2026-06-03 15:00:00,14,14,9_16,TimeMixer,-80.0,-63.08586502075195,-64.60436248779297,0.0,-0.0
2026-06-04 15:00:00,-69.5,-80.0,52433.545,5352.405,19844.7125,19982.5,-5277.5725,25197.1175,rt,2026-06-04,2026-06-03,2026-06-03 15:00:00,15,15,9_16,TimeMixer,-80.0,31.646465301513672,18.552963256835938,1.0,-10.5
2026-06-04 16:00:00,-29.95,-80.0,57612.3125,5311.5775,16082.4,21134.5,2552.335,21393.9775,rt,2026-06-04,2026-06-03,2026-06-03 15:00:00,16,16,9_16,TimeMixer,-80.0,108.30485534667969,145.0933074951172,1.0,-50.05
2026-06-04 17:00:00,260.5,147.833,63189.3425,5280.6375,10809.815,23959.25,10535.64,16090.4525,rt,2026-06-04,2026-06-03,2026-06-03 15:00:00,17,17,17_24,TimeMixer,147.833,402.985107421875,305.3189697265625,1.0,-112.667
2026-06-04 18:00:00,520.25,613.905,69110.315,5108.225,5133.285,25367.75,20878.305,10241.51,rt,2026-06-04,2026-06-03,2026-06-03 15:00:00,18,18,17_24,TimeMixer,613.905,460.71380615234375,447.2745056152344,0.0,0.0
2026-06-04 19:00:00,546.0,806.969,73030.935,5027.58,1270.625,25274.0,28832.23,6298.205,rt,2026-06-04,2026-06-03,2026-06-03 15:00:00,19,19,17_24,TimeMixer,806.969,495.08001708984375,459.81060791015625,0.0,0.0
2026-06-04 20:00:00,564.5,707.876,75885.3175,5355.4775,37.445,24354.0,33511.895,5392.9225,rt,2026-06-04,2026-06-03,2026-06-03 15:00:00,20,20,17_24,TimeMixer,707.876,509.8294677734375,454.7787170410156,0.0,0.0
2026-06-04 21:00:00,566.875,658.026,75159.125,5606.4525,0.0,22546.25,34379.9225,5606.4525,rt,2026-06-04,2026-06-03,2026-06-03 15:00:00,21,21,17_24,TimeMixer,658.026,502.4229736328125,471.8985900878906,0.0,0.0
2026-06-04 22:00:00,577.5,461.831,72706.57,5562.18,0.0,21144.5,33373.39,5562.18,rt,2026-06-04,2026-06-03,2026-06-03 15:00:00,22,22,17_24,TimeMixer,461.831,502.66339111328125,499.61895751953125,0.0,-0.0
2026-06-04 23:00:00,580.75,407.503,69290.5125,5601.6525,0.0,19839.0,31223.36,5601.6525,rt,2026-06-04,2026-06-03,2026-06-03 15:00:00,23,23,17_24,TimeMixer,407.503,469.8453369140625,458.3600769042969,0.0,-0.0
2026-06-05 00:00:00,582.5,620.44,66421.8975,5378.3475,0.0,18862.75,29554.3,5378.3475,rt,2026-06-05,2026-06-04,2026-06-04 15:00:00,0,24,17_24,TimeMixer,620.44,452.6544189453125,472.6009521484375,0.0,0.0
2026-06-05 01:00:00,622.5,728.717,63848.0025,4461.875,0.0,19980.0,26994.6275,4461.875,rt,2026-06-05,2026-06-04,2026-06-04 15:00:00,1,1,1_8,TimeMixer,728.717,485.3837890625,468.8505554199219,0.0,0.0
2026-06-05 02:00:00,595.688,642.313,61811.5,4301.8675,0.0,19989.0,25109.1325,4301.8675,rt,2026-06-05,2026-06-04,2026-06-04 15:00:00,2,2,1_8,TimeMixer,642.313,486.1646728515625,435.8916320800781,0.0,0.0
2026-06-05 03:00:00,580.5,611.88,60288.3775,4108.76,0.0,19998.75,23769.3675,4108.76,rt,2026-06-05,2026-06-04,2026-06-04 15:00:00,3,3,1_8,TimeMixer,611.88,486.80364990234375,410.0519714355469,0.0,0.0
2026-06-05 04:00:00,569.5,534.406,59440.5,3912.095,0.01,20003.0,23113.895,3912.105,rt,2026-06-05,2026-06-04,2026-06-04 15:00:00,4,4,1_8,TimeMixer,534.406,467.93157958984375,424.587890625,0.0,-0.0
2026-06-05 05:00:00,573.5,575.279,60328.725,3688.425,39.69,19828.0,24361.11,3728.115,rt,2026-06-05,2026-06-04,2026-06-04 15:00:00,5,5,1_8,TimeMixer,575.279,484.28924560546875,409.80438232421875,0.0,0.0
2026-06-05 06:00:00,546.375,510.598,61250.8325,3302.7825,1429.9175,21189.25,22917.3825,4732.7,rt,2026-06-05,2026-06-04,2026-06-04 15:00:00,6,6,1_8,TimeMixer,510.598,434.0499267578125,462.4643859863281,0.0,-0.0
2026-06-05 07:00:00,335.75,220.469,59688.3125,2709.5525,5525.7875,24632.25,14412.9725,8235.34,rt,2026-06-05,2026-06-04,2026-06-04 15:00:00,7,7,1_8,TimeMixer,220.469,341.6826171875,311.7749328613281,1.0,-115.281
2026-06-05 08:00:00,85.0,593.325,59199.7475,2099.98,11389.0625,25368.5,7993.205,13489.0425,rt,2026-06-05,2026-06-04,2026-06-04 15:00:00,8,8,1_8,TimeMixer,593.325,227.7709197998047,150.70089721679688,1.0,508.32500000000005
2026-06-05 09:00:00,-23.25,528.983,57042.325,1740.8725,16726.8375,23869.0,2369.115,18467.71,rt,2026-06-05,2026-06-04,2026-06-04 15:00:00,9,9,9_16,TimeMixer,528.983,-8.878623962402344,26.662906646728516,1.0,552.233
2026-06-05 10:00:00,-58.25,387.179,54282.65,1623.29,20863.6975,21998.5,-2517.5875,22486.9875,rt,2026-06-05,2026-06-04,2026-06-04 15:00:00,10,10,9_16,TimeMixer,387.179,-43.75221633911133,-49.05809783935547,1.0,445.429
2026-06-05 11:00:00,-61.5,339.317,53478.99,1626.675,23247.6125,20594.0,-4275.7975,24874.2875,rt,2026-06-05,2026-06-04,2026-06-04 15:00:00,11,11,9_16,TimeMixer,339.317,-120.79267120361328,-82.91175079345703,0.0,0.0
2026-06-05 12:00:00,-67.71,176.983,50758.3975,1679.905,24154.8625,20491.5,-7854.37,25834.7675,rt,2026-06-05,2026-06-04,2026-06-04 15:00:00,12,12,9_16,TimeMixer,176.983,-110.93138122558594,-30.588966369628906,0.0,0.0
2026-06-05 13:00:00,-61.0,-80.0,46332.1275,1744.5575,24015.1625,20507.0,-12245.0925,25759.72,rt,2026-06-05,2026-06-04,2026-06-04 15:00:00,13,13,9_16,TimeMixer,-80.0,-84.55683898925781,1.5847162008285522,0.0,-0.0
2026-06-05 14:00:00,-67.225,-80.0,48669.5925,1837.545,22832.8775,20566.75,-8904.08,24670.4225,rt,2026-06-05,2026-06-04,2026-06-04 15:00:00,14,14,9_16,TimeMixer,-80.0,-71.96466827392578,-80.39885711669922,0.0,-0.0
2026-06-05 15:00:00,-61.0,-58.766,52859.7875,1937.3175,20203.3075,20619.0,-2236.3375,22140.625,rt,2026-06-05,2026-06-04,2026-06-04 15:00:00,15,15,9_16,TimeMixer,-58.766,35.87378692626953,16.71588134765625,1.0,2.2340000000000018
2026-06-05 16:00:00,-29.625,504.02,58183.4675,2118.115,15962.155,21741.75,6024.9475,18080.27,rt,2026-06-05,2026-06-04,2026-06-04 15:00:00,16,16,9_16,TimeMixer,504.02,264.5657958984375,144.1895751953125,1.0,533.645
2026-06-05 17:00:00,356.04,526.577,64207.0975,2404.535,10415.3,24564.75,14413.5125,12819.835,rt,2026-06-05,2026-06-04,2026-06-04 15:00:00,17,17,17_24,TimeMixer,526.577,406.1295166015625,309.52557373046875,1.0,170.53699999999998
2026-06-05 18:00:00,538.35,641.0,69806.655,2881.645,4771.4175,25939.5,23786.3425,7653.0625,rt,2026-06-05,2026-06-04,2026-06-04 15:00:00,18,18,17_24,TimeMixer,641.0,457.1334228515625,448.102783203125,0.0,0.0
2026-06-05 19:00:00,565.0,559.647,73387.1575,3715.325,1148.3575,25894.5,30197.475,4863.6825,rt,2026-06-05,2026-06-04,2026-06-04 15:00:00,19,19,17_24,TimeMixer,559.647,489.9263916015625,457.19622802734375,0.0,-0.0
2026-06-05 20:00:00,570.0,550.782,76105.3175,4999.5325,23.8675,24988.25,33662.1675,5023.4,rt,2026-06-05,2026-06-04,2026-06-04 15:00:00,20,20,17_24,TimeMixer,550.782,513.6129760742188,450.1687316894531,0.0,-0.0
2026-06-05 21:00:00,565.0,544.16,75732.825,6195.1875,0.0,23040.25,34065.8875,6195.1875,rt,2026-06-05,2026-06-04,2026-06-04 15:00:00,21,21,17_24,TimeMixer,544.16,504.613037109375,467.5631103515625,0.0,-0.0
2026-06-05 22:00:00,577.5,535.078,73232.8875,7070.7475,0.0,21691.25,32039.39,7070.7475,rt,2026-06-05,2026-06-04,2026-06-04 15:00:00,22,22,17_24,TimeMixer,535.078,502.441162109375,490.95977783203125,0.0,-0.0
2026-06-05 23:00:00,550.0,546.457,69444.87,7740.935,0.0,20079.0,29193.435,7740.935,rt,2026-06-05,2026-06-04,2026-06-04 15:00:00,23,23,17_24,TimeMixer,546.457,482.1500244140625,456.11376953125,0.0,-0.0
2026-06-06 00:00:00,550.0,660.329,67732.7375,7927.545,0.0,18537.5,28836.1925,7927.545,rt,2026-06-06,2026-06-05,2026-06-05 15:00:00,0,24,17_24,TimeMixer,660.329,452.594970703125,449.579345703125,0.0,0.0
2026-06-06 01:00:00,410.0,453.545,61442.71,9294.1,0.0,19771.0,19766.11,9294.1,rt,2026-06-06,2026-06-05,2026-06-05 15:00:00,1,1,1_8,TimeMixer,453.545,422.4951171875,418.586669921875,1.0,43.545000000000016
2026-06-06 02:00:00,399.5,415.271,59437.7875,8871.665,0.0,19771.0,18183.6225,8871.665,rt,2026-06-06,2026-06-05,2026-06-05 15:00:00,2,2,1_8,TimeMixer,415.271,443.68695068359375,398.2288513183594,1.0,15.771000000000015
2026-06-06 03:00:00,399.0,404.75,58407.5925,8456.46,0.0,19809.25,17530.3825,8456.46,rt,2026-06-06,2026-06-05,2026-06-05 15:00:00,3,3,1_8,TimeMixer,404.75,406.26898193359375,371.7970275878906,1.0,5.75
2026-06-06 04:00:00,389.5,410.307,57395.16,8180.5925,0.01,19813.25,16789.8075,8180.6025,rt,2026-06-06,2026-06-05,2026-06-05 15:00:00,4,4,1_8,TimeMixer,410.307,415.458251953125,373.9421081542969,1.0,20.807000000000016
2026-06-06 05:00:00,399.5,406.147,58188.72,8127.8975,20.0825,19561.0,17868.24,8147.98,rt,2026-06-06,2026-06-05,2026-06-05 15:00:00,5,5,1_8,TimeMixer,406.147,395.10150146484375,359.9029541015625,0.0,0.0
2026-06-06 06:00:00,399.5,401.272,59496.495,7899.8525,411.12,20757.75,17816.2725,8310.9725,rt,2026-06-06,2026-06-05,2026-06-05 15:00:00,6,6,1_8,TimeMixer,401.272,375.95294189453125,355.58056640625,0.0,0.0
2026-06-06 07:00:00,372.5,403.41,61845.96,7583.525,1347.505,24275.25,16031.93,8931.03,rt,2026-06-06,2026-06-05,2026-06-05 15:00:00,7,7,1_8,TimeMixer,403.41,333.040771484375,311.000244140625,0.0,0.0
2026-06-06 08:00:00,400.0,523.909,67201.5475,7262.5775,2718.2925,24776.75,19894.9275,9980.87,rt,2026-06-06,2026-06-05,2026-06-05 15:00:00,8,8,1_8,TimeMixer,523.909,300.4940490722656,228.4862518310547,0.0,0.0
2026-06-06 09:00:00,420.0,610.56,70356.865,6956.9525,4183.2,22833.25,23846.9625,11140.1525,rt,2026-06-06,2026-06-05,2026-06-05 15:00:00,9,9,9_16,TimeMixer,610.56,315.43621826171875,227.92193603515625,0.0,0.0
2026-06-06 10:00:00,430.22,662.967,71271.3375,6660.0625,5345.555,21288.0,25441.22,12005.6175,rt,2026-06-06,2026-06-05,2026-06-05 15:00:00,10,10,9_16,TimeMixer,662.967,307.8769836425781,215.15045166015625,0.0,0.0
2026-06-06 11:00:00,420.0,551.464,72871.7025,6810.5125,6154.5425,19802.5,27567.6475,12965.055,rt,2026-06-06,2026-06-05,2026-06-05 15:00:00,11,11,9_16,TimeMixer,551.464,347.99945068359375,188.35952758789062,0.0,0.0
2026-06-06 12:00:00,415.0,431.376,71573.4,7255.5825,6662.7025,19638.75,25479.865,13918.285,rt,2026-06-06,2026-06-05,2026-06-05 15:00:00,12,12,9_16,TimeMixer,431.376,383.55914306640625,220.5603790283203,0.0,0.0
2026-06-06 13:00:00,395.0,27.266,66236.18,7985.35,6715.185,19638.0,19361.145,14700.535,rt,2026-06-06,2026-06-05,2026-06-05 15:00:00,13,13,9_16,TimeMixer,27.266,338.56884765625,158.33851623535156,0.0,-0.0
2026-06-06 14:00:00,400.0,345.015,68374.945,8768.2375,6347.1675,19732.0,20991.04,15115.405,rt,2026-06-06,2026-06-05,2026-06-05 15:00:00,14,14,9_16,TimeMixer,345.015,335.61785888671875,170.48927307128906,0.0,-0.0
2026-06-06 15:00:00,407.5,345.259,70263.3075,9554.75,5495.96,19864.0,22812.0975,15050.71,rt,2026-06-06,2026-06-05,2026-06-05 15:00:00,15,15,9_16,TimeMixer,345.259,335.8046569824219,220.219482421875,0.0,-0.0
2026-06-06 16:00:00,420.1,369.377,71748.23,10336.97,4307.545,21007.5,23559.715,14644.515,rt,2026-06-06,2026-06-05,2026-06-05 15:00:00,16,16,9_16,TimeMixer,369.377,393.1181640625,274.71673583984375,0.0,-0.0
2026-06-06 17:00:00,407.5,339.255,71360.4175,10886.4925,2861.5425,23870.75,21132.6325,13748.035,rt,2026-06-06,2026-06-05,2026-06-05 15:00:00,17,17,17_24,TimeMixer,339.255,428.381103515625,361.1524963378906,1.0,-68.245
2026-06-06 18:00:00,401.125,339.494,72059.25,11085.44,1428.29,25367.25,21550.52,12513.73,rt,2026-06-06,2026-06-05,2026-06-05 15:00:00,18,18,17_24,TimeMixer,339.494,447.84307861328125,434.97247314453125,1.0,-61.63099999999997
2026-06-06 19:00:00,418.875,317.718,70964.2525,11037.105,419.1975,25263.0,21613.45,11456.3025,rt,2026-06-06,2026-06-05,2026-06-05 15:00:00,19,19,17_24,TimeMixer,317.718,455.10845947265625,447.5467529296875,1.0,-101.15699999999998
2026-06-06 20:00:00,440.0,394.174,71573.9075,10906.305,19.78,24336.75,23679.5725,10926.085,rt,2026-06-06,2026-06-05,2026-06-05 15:00:00,20,20,17_24,TimeMixer,394.174,447.89324951171875,441.24432373046875,1.0,-45.82600000000002
2026-06-06 21:00:00,450.0,407.275,71004.08,10640.925,0.0,22545.75,25185.905,10640.925,rt,2026-06-06,2026-06-05,2026-06-05 15:00:00,21,21,17_24,TimeMixer,407.275,438.76971435546875,446.48883056640625,0.0,-0.0
2026-06-06 22:00:00,444.875,403.961,68890.3775,10036.7075,0.0,21190.0,25032.17,10036.7075,rt,2026-06-06,2026-06-05,2026-06-05 15:00:00,22,22,17_24,TimeMixer,403.961,449.01312255859375,479.0052795410156,1.0,-40.91399999999999
2026-06-06 23:00:00,437.75,388.058,65807.78,9364.115,0.0,19791.75,24020.415,9364.115,rt,2026-06-06,2026-06-05,2026-06-05 15:00:00,23,23,17_24,TimeMixer,388.058,410.26800537109375,435.43719482421875,0.0,-0.0
2026-06-07 00:00:00,438.5,391.829,64516.3675,8814.745,0.0,18545.0,24525.1225,8814.745,rt,2026-06-07,2026-06-06,2026-06-06 15:00:00,0,24,17_24,TimeMixer,391.829,451.59649658203125,457.309326171875,1.0,-46.67099999999999
2026-06-07 01:00:00,558.5,504.699,62836.13,8798.6925,0.0,19622.25,21753.6875,8798.6925,rt,2026-06-07,2026-06-06,2026-06-06 15:00:00,1,1,1_8,TimeMixer,504.699,470.33294677734375,465.8049011230469,0.0,-0.0
2026-06-07 02:00:00,522.5,450.695,61367.2175,8649.88,0.0,19622.75,20433.0875,8649.88,rt,2026-06-07,2026-06-06,2026-06-06 15:00:00,2,2,1_8,TimeMixer,450.695,455.24530029296875,426.8211669921875,0.0,-0.0
2026-06-07 03:00:00,522.0,409.898,60138.8975,8529.58,0.0,19623.0,19324.8175,8529.58,rt,2026-06-07,2026-06-06,2026-06-06 15:00:00,3,3,1_8,TimeMixer,409.898,455.1044921875,414.90777587890625,0.0,-0.0
2026-06-07 04:00:00,491.5,391.717,59404.03,8413.7975,0.01,19623.0,18705.7225,8413.8075,rt,2026-06-07,2026-06-06,2026-06-06 15:00:00,4,4,1_8,TimeMixer,391.717,442.59259033203125,418.0406799316406,0.0,-0.0
2026-06-07 05:00:00,502.5,422.348,59626.56,8205.195,30.685,19454.0,19275.18,8235.88,rt,2026-06-07,2026-06-06,2026-06-06 15:00:00,5,5,1_8,TimeMixer,422.348,454.66632080078125,404.75982666015625,0.0,-0.0
2026-06-07 06:00:00,477.5,409.033,60065.785,7693.0125,1018.7375,20779.25,17913.285,8711.75,rt,2026-06-07,2026-06-06,2026-06-06 15:00:00,6,6,1_8,TimeMixer,409.033,423.8009033203125,440.9945373535156,0.0,-0.0
2026-06-07 07:00:00,374.5,-14.36,60091.09,6817.5725,3929.475,24308.0,12378.2925,10747.0475,rt,2026-06-07,2026-06-06,2026-06-06 15:00:00,7,7,1_8,TimeMixer,-14.36,342.0981750488281,305.6127014160156,0.0,-0.0
2026-06-07 08:00:00,344.0,146.327,62697.8875,5860.7925,8387.0575,24720.25,11130.7875,14247.85,rt,2026-06-07,2026-06-06,2026-06-06 15:00:00,8,8,1_8,TimeMixer,146.327,236.21571350097656,164.9773712158203,0.0,-0.0
2026-06-07 09:00:00,150.0,-25.442,61101.2075,5037.4825,13019.755,22707.0,7750.47,18057.2375,rt,2026-06-07,2026-06-06,2026-06-06 15:00:00,9,9,9_16,TimeMixer,-25.442,147.4334259033203,18.299274444580078,0.0,-0.0
2026-06-07 10:00:00,72.42,-80.0,58220.86,4385.9575,16763.6075,21299.5,3185.295,21149.565,rt,2026-06-07,2026-06-06,2026-06-06 15:00:00,10,10,9_16,TimeMixer,-80.0,-39.7149658203125,-53.976966857910156,0.0,-0.0
2026-06-07 11:00:00,-30.0,-80.0,56250.48,3915.395,19275.5725,19801.0,672.0125,23190.9675,rt,2026-06-07,2026-06-06,2026-06-06 15:00:00,11,11,9_16,TimeMixer,-80.0,-109.26355743408203,-83.43502044677734,0.0,-0.0
2026-06-07 12:00:00,-30.0,-80.0,52225.7825,3564.97,20558.875,19629.75,-4114.3125,24123.845,rt,2026-06-07,2026-06-06,2026-06-06 15:00:00,12,12,9_16,TimeMixer,-80.0,-73.90023040771484,-42.54749298095703,0.0,-0.0
2026-06-07 13:00:00,-30.0,-80.0,47741.2525,3280.175,20684.5075,19629.25,-8439.18,23964.6825,rt,2026-06-07,2026-06-06,2026-06-06 15:00:00,13,13,9_16,TimeMixer,-80.0,-66.78134155273438,-5.607864856719971,0.0,-0.0
2026-06-07 14:00:00,-30.0,-75.965,49306.21,3141.3725,19858.425,19727.75,-6007.8375,22999.7975,rt,2026-06-07,2026-06-06,2026-06-06 15:00:00,14,14,9_16,TimeMixer,-75.965,-66.43083953857422,-69.66808319091797,0.0,-0.0
2026-06-07 15:00:00,86.5,-71.22,51954.5875,2969.6325,17669.7875,19867.0,-1138.3325,20639.42,rt,2026-06-07,2026-06-06,2026-06-06 15:00:00,15,15,9_16,TimeMixer,-71.22,2.6487913131713867,-4.931792736053467,0.0,-0.0
2026-06-07 16:00:00,153.875,-77.837,54997.11,2695.295,14166.6625,21018.25,4530.4025,16861.9575,rt,2026-06-07,2026-06-06,2026-06-06 15:00:00,16,16,9_16,TimeMixer,-77.837,250.83116149902344,138.50685119628906,1.0,-231.712
2026-06-07 17:00:00,400.0,-14.331,57925.705,2436.5825,9559.5575,23887.25,9383.315,11996.14,rt,2026-06-07,2026-06-06,2026-06-06 15:00:00,17,17,17_24,TimeMixer,-14.331,406.58697509765625,316.5629577636719,1.0,-414.331
2026-06-07 18:00:00,567.625,532.432,63446.93,2183.25,4553.175,25368.0,18664.755,6736.425,rt,2026-06-07,2026-06-06,2026-06-06 15:00:00,18,18,17_24,TimeMixer,532.432,456.67437744140625,437.7943420410156,0.0,-0.0
2026-06-07 19:00:00,605.411,610.594,67384.0075,1940.47,1156.655,25263.5,26341.8825,3097.125,rt,2026-06-07,2026-06-06,2026-06-06 15:00:00,19,19,17_24,TimeMixer,610.594,480.19000244140625,453.86297607421875,0.0,0.0
2026-06-07 20:00:00,622.963,610.459,70315.4675,1831.1,34.8225,24336.0,31432.045,1865.9225,rt,2026-06-07,2026-06-06,2026-06-06 15:00:00,20,20,17_24,TimeMixer,610.459,502.2003173828125,441.46209716796875,0.0,-0.0
2026-06-07 21:00:00,626.5,605.416,70027.95,1766.7,0.0,22546.0,33033.75,1766.7,rt,2026-06-07,2026-06-06,2026-06-06 15:00:00,21,21,17_24,TimeMixer,605.416,488.8663330078125,460.25189208984375,0.0,-0.0
2026-06-07 22:00:00,565.878,598.833,67787.225,1764.815,0.0,21176.5,32164.41,1764.815,rt,2026-06-07,2026-06-06,2026-06-06 15:00:00,22,22,17_24,TimeMixer,598.833,485.7769775390625,484.2214660644531,0.0,0.0
2026-06-07 23:00:00,602.5,607.958,64652.92,1870.3375,0.0,19733.5,30367.5825,1870.3375,rt,2026-06-07,2026-06-06,2026-06-06 15:00:00,23,23,17_24,TimeMixer,607.958,472.501220703125,452.453369140625,0.0,0.0
2026-06-08 00:00:00,620.0,629.224,63469.6675,2087.3,0.0,18657.75,30043.1175,2087.3,rt,2026-06-08,2026-06-07,2026-06-07 15:00:00,0,24,17_24,TimeMixer,629.224,427.20697021484375,452.67388916015625,0.0,0.0
2026-06-08 01:00:00,620.68,653.026,60704.2275,2444.2375,0.0,20141.5,25556.99,2444.2375,rt,2026-06-08,2026-06-07,2026-06-07 15:00:00,1,1,1_8,TimeMixer,653.026,479.93756103515625,469.4842834472656,0.0,0.0
2026-06-08 02:00:00,564.625,617.422,59210.0575,2735.0,0.0,20148.0,23765.5575,2735.0,rt,2026-06-08,2026-06-07,2026-06-07 15:00:00,2,2,1_8,TimeMixer,617.422,467.9560546875,432.4083557128906,0.0,0.0
2026-06-08 03:00:00,561.0,604.53,58043.8775,2936.7525,0.0,20148.25,22397.375,2936.7525,rt,2026-06-08,2026-06-07,2026-06-07 15:00:00,3,3,1_8,TimeMixer,604.53,477.401123046875,418.0308532714844,0.0,0.0
2026-06-08 04:00:00,522.0,598.25,57442.5475,3006.135,0.015,20149.75,21725.1475,3006.15,rt,2026-06-08,2026-06-07,2026-06-07 15:00:00,4,4,1_8,TimeMixer,598.25,456.7738037109375,411.0697937011719,0.0,0.0
2026-06-08 05:00:00,545.938,602.269,58360.9925,3023.26,45.395,19972.0,22758.8375,3068.655,rt,2026-06-08,2026-06-07,2026-06-07 15:00:00,5,5,1_8,TimeMixer,602.269,480.1011962890625,411.7213134765625,0.0,0.0
2026-06-08 06:00:00,528.5,534.411,60027.6025,2948.9275,1435.2925,21122.0,21959.8825,4384.22,rt,2026-06-08,2026-06-07,2026-06-07 15:00:00,6,6,1_8,TimeMixer,534.411,426.1170654296875,460.23211669921875,0.0,0.0
2026-06-08 07:00:00,330.625,365.882,58140.17,2713.395,5401.895,24463.0,13004.13,8115.29,rt,2026-06-08,2026-06-07,2026-06-07 15:00:00,7,7,1_8,TimeMixer,365.882,358.77154541015625,323.2331237792969,1.0,35.257000000000005
2026-06-08 08:00:00,89.0,286.532,58919.475,2298.0825,11204.38,24897.25,8020.7625,13502.4625,rt,2026-06-08,2026-06-07,2026-06-07 15:00:00,8,8,1_8,TimeMixer,286.532,201.748291015625,170.20816040039062,1.0,197.53199999999998
2026-06-08 09:00:00,0.0,3.82,55293.255,1865.0375,16731.4725,22765.25,1444.995,18596.51,rt,2026-06-08,2026-06-07,2026-06-07 15:00:00,9,9,9_16,TimeMixer,3.82,-37.95844650268555,-24.637432098388672,0.0,0.0
2026-06-08 10:00:00,-20.0,-80.0,51704.4875,1664.89,20835.5225,21412.75,-4695.175,22500.4125,rt,2026-06-08,2026-06-07,2026-06-07 15:00:00,10,10,9_16,TimeMixer,-80.0,-84.07086944580078,-93.59807586669922,0.0,-0.0
2026-06-08 11:00:00,-55.5,-80.0,50494.87,1713.115,23133.165,19720.25,-6558.16,24846.28,rt,2026-06-08,2026-06-07,2026-06-07 15:00:00,11,11,9_16,TimeMixer,-80.0,-150.26744079589844,-132.9971160888672,0.0,-0.0
2026-06-08 12:00:00,-67.97,-80.0,47895.285,1822.4275,23994.7125,19483.75,-9892.105,25817.14,rt,2026-06-08,2026-06-07,2026-06-07 15:00:00,12,12,9_16,TimeMixer,-80.0,-153.29098510742188,-101.75936126708984,0.0,-0.0
2026-06-08 13:00:00,-67.5,-80.0,42394.8325,1994.9075,23823.41,19483.75,-15393.735,25818.3175,rt,2026-06-08,2026-06-07,2026-06-07 15:00:00,13,13,9_16,TimeMixer,-80.0,-123.72171020507812,-49.32270812988281,0.0,-0.0
2026-06-08 14:00:00,-58.0,-61.962,45100.3975,2274.765,22621.885,19585.75,-11868.5025,24896.65,rt,2026-06-08,2026-06-07,2026-06-07 15:00:00,14,14,9_16,TimeMixer,-61.962,-89.55084991455078,-103.54790496826172,0.0,-0.0
2026-06-08 15:00:00,-59.5,-80.0,49364.405,2684.75,20015.735,19724.5,-5547.08,22700.485,rt,2026-06-08,2026-06-07,2026-06-07 15:00:00,15,15,9_16,TimeMixer,-80.0,-0.782379150390625,-40.80738830566406,1.0,-20.5
2026-06-08 16:00:00,-23.0,-80.0,54487.8775,3271.1525,15962.97,20865.0,1902.255,19234.1225,rt,2026-06-08,2026-06-07,2026-06-07 15:00:00,16,16,9_16,TimeMixer,-80.0,92.90863800048828,109.78900146484375,1.0,-57.0
2026-06-08 17:00:00,207.48,42.516,59653.61,4119.01,10657.3475,23808.75,8509.5025,14776.3575,rt,2026-06-08,2026-06-07,2026-06-07 15:00:00,17,17,17_24,TimeMixer,42.516,396.4388122558594,305.5420837402344,1.0,-164.964
2026-06-08 18:00:00,453.5,416.322,65611.1875,5268.13,5030.135,25266.0,17469.1725,10298.265,rt,2026-06-08,2026-06-07,2026-06-07 15:00:00,18,18,17_24,TimeMixer,416.322,469.37030029296875,445.9945373535156,1.0,-37.178
2026-06-08 19:00:00,516.5,380.919,69715.065,7057.53,1247.2375,25141.75,23687.0475,8304.7675,rt,2026-06-08,2026-06-07,2026-06-07 15:00:00,19,19,17_24,TimeMixer,380.919,491.75872802734375,452.294189453125,0.0,-0.0
2026-06-08 20:00:00,539.625,356.748,72193.39,9419.83,34.1725,24312.25,25845.6375,9454.0025,rt,2026-06-08,2026-06-07,2026-06-07 15:00:00,20,20,17_24,TimeMixer,356.748,519.4288940429688,462.9616394042969,0.0,-0.0
2026-06-08 21:00:00,494.375,361.484,71245.7075,11969.7675,0.0,22530.25,24164.19,11969.7675,rt,2026-06-08,2026-06-07,2026-06-07 15:00:00,21,21,17_24,TimeMixer,361.484,509.4139404296875,464.81976318359375,1.0,-132.89100000000002
2026-06-08 22:00:00,414.952,360.372,68974.7925,14116.405,0.0,21374.75,20902.1375,14116.405,rt,2026-06-08,2026-06-07,2026-06-07 15:00:00,22,22,17_24,TimeMixer,360.372,514.979248046875,479.8898620605469,1.0,-54.579999999999984
2026-06-08 23:00:00,400.0,441.182,65826.54,15677.065,0.0,20282.75,17285.225,15677.065,rt,2026-06-08,2026-06-07,2026-06-07 15:00:00,23,23,17_24,TimeMixer,441.182,486.81158447265625,460.8804931640625,1.0,41.182000000000016
2026-06-09 00:00:00,400.0,554.691,64667.9225,16319.9675,0.0,19057.25,16709.205,16319.9675,rt,2026-06-09,2026-06-08,2026-06-08 15:00:00,0,24,17_24,TimeMixer,554.691,332.3250427246094,434.2217102050781,0.0,0.0
2026-06-09 01:00:00,460.5,591.5,62387.735,16451.09,0.0,20202.0,13123.145,16451.09,rt,2026-06-09,2026-06-08,2026-06-08 15:00:00,1,1,1_8,TimeMixer,591.5,384.8793640136719,449.2803649902344,0.0,0.0
2026-06-09 02:00:00,415.87,553.321,60742.6725,15722.465,0.0,20194.5,12214.2075,15722.465,rt,2026-06-09,2026-06-08,2026-06-08 15:00:00,2,2,1_8,TimeMixer,553.321,358.9783630371094,413.2274475097656,0.0,0.0
2026-06-09 03:00:00,390.0,476.478,59396.71,14448.075,0.0,20185.5,12151.635,14448.075,rt,2026-06-09,2026-06-08,2026-06-08 15:00:00,3,3,1_8,TimeMixer,476.478,370.81732177734375,402.1742248535156,0.0,0.0
2026-06-09 04:00:00,382.5,485.233,58708.76,12741.07,0.01,20186.5,13169.68,12741.08,rt,2026-06-09,2026-06-08,2026-06-08 15:00:00,4,4,1_8,TimeMixer,485.233,349.5774230957031,382.2604064941406,0.0,0.0
2026-06-09 05:00:00,451.0,503.697,59430.375,10984.3725,36.3675,20011.0,15787.135,11020.74,rt,2026-06-09,2026-06-08,2026-06-08 15:00:00,5,5,1_8,TimeMixer,503.697,366.6336669921875,389.0781555175781,0.0,0.0
2026-06-09 06:00:00,465.5,545.959,60544.5125,9131.6525,1246.63,21160.75,16393.98,10378.2825,rt,2026-06-09,2026-06-08,2026-06-08 15:00:00,6,6,1_8,TimeMixer,545.959,328.0515441894531,431.4336242675781,0.0,0.0
2026-06-09 07:00:00,155.013,257.315,59321.2425,7158.08,4824.26,24493.75,10237.4025,11982.34,rt,2026-06-09,2026-06-08,2026-06-08 15:00:00,7,7,1_8,TimeMixer,257.315,264.6079406738281,297.3524169921875,1.0,102.30199999999999
2026-06-09 08:00:00,81.575,487.812,58054.0625,5117.7675,10218.71,24930.75,5237.835,15336.4775,rt,2026-06-09,2026-06-08,2026-06-08 15:00:00,8,8,1_8,TimeMixer,487.812,127.36493682861328,155.25100708007812,1.0,406.237
2026-06-09 09:00:00,-50.0,693.203,54774.4525,3953.305,15617.9025,22795.5,-128.755,19571.2075,rt,2026-06-09,2026-06-08,2026-06-08 15:00:00,9,9,9_16,TimeMixer,693.203,-89.16307067871094,-66.9346694946289,0.0,0.0
2026-06-09 10:00:00,-58.375,607.347,51389.4025,3857.91,19823.4675,21455.0,-6283.475,23681.3775,rt,2026-06-09,2026-06-08,2026-06-08 15:00:00,10,10,9_16,TimeMixer,607.347,-115.39287567138672,-116.33431243896484,0.0,0.0
2026-06-09 11:00:00,-75.0,854.199,50745.28,4277.44,22311.0075,19813.75,-8193.4175,26588.4475,rt,2026-06-09,2026-06-08,2026-06-08 15:00:00,11,11,9_16,TimeMixer,854.199,-161.2024688720703,-138.69496154785156,0.0,0.0
2026-06-09 12:00:00,-74.135,471.302,48250.6925,4804.335,23138.845,19638.75,-11867.7375,27943.18,rt,2026-06-09,2026-06-08,2026-06-08 15:00:00,12,12,9_16,TimeMixer,471.302,-174.66705322265625,-127.25179290771484,0.0,0.0
2026-06-09 13:00:00,-72.97,199.803,42222.255,5256.2775,22835.5775,19637.75,-18043.85,28091.855,rt,2026-06-09,2026-06-08,2026-06-08 15:00:00,13,13,9_16,TimeMixer,199.803,-152.52139282226562,-92.3433837890625,0.0,0.0
2026-06-09 14:00:00,-60.0,436.582,45365.7075,5629.9825,21590.04,19739.75,-14130.565,27220.0225,rt,2026-06-09,2026-06-08,2026-06-08 15:00:00,14,14,9_16,TimeMixer,436.582,-116.2105484008789,-120.74095916748047,0.0,0.0
2026-06-09 15:00:00,10.0,296.094,49769.7,5763.5275,19041.895,19880.0,-7452.2225,24805.4225,rt,2026-06-09,2026-06-08,2026-06-08 15:00:00,15,15,9_16,TimeMixer,296.094,-49.834999084472656,-83.43589782714844,0.0,0.0
2026-06-09 16:00:00,10.0,380.763,54973.5075,5791.035,15137.5925,21021.0,487.38,20928.6275,rt,2026-06-09,2026-06-08,2026-06-08 15:00:00,16,16,9_16,TimeMixer,380.763,34.33142852783203,87.7984619140625,1.0,370.763
2026-06-09 17:00:00,297.33,414.096,60285.98,5637.86,10189.1925,23920.5,7929.4275,15827.0525,rt,2026-06-09,2026-06-08,2026-06-08 15:00:00,17,17,17_24,TimeMixer,414.096,307.4427490234375,291.6357116699219,1.0,116.76600000000002
2026-06-09 18:00:00,533.15,643.319,65902.16,5151.5625,4853.3075,25312.25,17957.29,10004.87,rt,2026-06-09,2026-06-08,2026-06-08 15:00:00,18,18,17_24,TimeMixer,643.319,382.9125061035156,443.02752685546875,0.0,0.0
2026-06-09 19:00:00,599.0,717.189,70190.3275,4673.125,1222.12,25174.25,26489.3325,5895.245,rt,2026-06-09,2026-06-08,2026-06-08 15:00:00,19,19,17_24,TimeMixer,717.189,405.0658264160156,449.1698303222656,0.0,0.0
2026-06-09 20:00:00,605.125,702.837,72826.405,4487.6675,34.695,24336.75,31335.7925,4522.3625,rt,2026-06-09,2026-06-08,2026-06-08 15:00:00,20,20,17_24,TimeMixer,702.837,426.9121398925781,461.3316955566406,0.0,0.0
2026-06-09 21:00:00,598.0,685.563,72039.78,4396.0125,0.0,22545.75,32466.5175,4396.0125,rt,2026-06-09,2026-06-08,2026-06-08 15:00:00,21,21,17_24,TimeMixer,685.563,416.0590515136719,464.581298828125,0.0,0.0
2026-06-09 22:00:00,582.25,685.237,69301.1125,4188.7575,0.0,21376.75,31104.105,4188.7575,rt,2026-06-09,2026-06-08,2026-06-08 15:00:00,22,22,17_24,TimeMixer,685.237,423.5310363769531,481.4935607910156,0.0,0.0
2026-06-09 23:00:00,600.0,654.943,65700.8,4112.765,0.0,20290.75,28665.785,4112.765,rt,2026-06-09,2026-06-08,2026-06-08 15:00:00,23,23,17_24,TimeMixer,654.943,388.009521484375,457.29315185546875,0.0,0.0
2026-06-10 00:00:00,598.0,677.948,64288.0975,3875.3,0.0,19073.0,28708.2975,3875.3,rt,2026-06-10,2026-06-09,2026-06-09 15:00:00,0,24,17_24,TimeMixer,677.948,434.19012451171875,457.8693542480469,0.0,0.0
2026-06-10 01:00:00,617.5,731.144,62688.37,3024.1475,0.0,20185.0,26817.7225,3024.1475,rt,2026-06-10,2026-06-09,2026-06-09 15:00:00,1,1,1_8,TimeMixer,731.144,475.34991455078125,476.13665771484375,0.0,0.0
2026-06-10 02:00:00,600.5,712.19,61234.5925,2718.0575,0.0,20184.75,25670.285,2718.0575,rt,2026-06-10,2026-06-09,2026-06-09 15:00:00,2,2,1_8,TimeMixer,712.19,475.810546875,435.3497619628906,0.0,0.0
2026-06-10 03:00:00,600.0,712.828,59929.92,2566.8075,0.0,20184.25,24517.3625,2566.8075,rt,2026-06-10,2026-06-09,2026-06-09 15:00:00,3,3,1_8,TimeMixer,712.828,488.8369140625,419.73980712890625,0.0,0.0
2026-06-10 04:00:00,600.0,715.502,59159.525,2596.8325,0.015,20185.25,23715.9275,2596.8475,rt,2026-06-10,2026-06-09,2026-06-09 15:00:00,4,4,1_8,TimeMixer,715.502,466.44866943359375,422.62835693359375,0.0,0.0
2026-06-10 05:00:00,600.0,723.078,59729.92,2803.29,35.995,20015.75,24213.385,2839.285,rt,2026-06-10,2026-06-09,2026-06-09 15:00:00,5,5,1_8,TimeMixer,723.078,486.39935302734375,424.86102294921875,0.0,0.0
2026-06-10 06:00:00,545.0,648.129,60537.4075,2960.3825,1347.7775,21417.25,22150.4975,4308.16,rt,2026-06-10,2026-06-09,2026-06-09 15:00:00,6,6,1_8,TimeMixer,648.129,445.6884765625,468.61163330078125,0.0,0.0
2026-06-10 07:00:00,317.5,406.956,58440.0875,2684.005,5292.285,25072.75,12733.2975,7976.29,rt,2026-06-10,2026-06-09,2026-06-09 15:00:00,7,7,1_8,TimeMixer,406.956,372.4134521484375,328.8811340332031,1.0,89.45600000000002
2026-06-10 08:00:00,267.65,366.687,58362.525,2328.3775,11021.415,25383.5,7030.2325,13349.7925,rt,2026-06-10,2026-06-09,2026-06-09 15:00:00,8,8,1_8,TimeMixer,366.687,247.52056884765625,175.6403045654297,0.0,0.0
2026-06-10 09:00:00,173.5,334.434,55987.8975,2213.69,16431.6975,23135.0,1621.01,18645.3875,rt,2026-06-10,2026-06-09,2026-06-09 15:00:00,9,9,9_16,TimeMixer,334.434,-11.465909004211426,-36.30659103393555,0.0,0.0
2026-06-10 10:00:00,29.5,-80.0,52472.9625,2237.705,20499.9725,21611.25,-4462.465,22737.6775,rt,2026-06-10,2026-06-09,2026-06-09 15:00:00,10,10,9_16,TimeMixer,-80.0,-71.12911987304688,-102.25096893310547,0.0,-0.0
2026-06-10 11:00:00,60.0,-80.0,51099.325,2285.7575,22832.35,20128.0,-6733.2825,25118.1075,rt,2026-06-10,2026-06-09,2026-06-09 15:00:00,11,11,9_16,TimeMixer,-80.0,-152.9217987060547,-124.60576629638672,0.0,-0.0
2026-06-10 12:00:00,50.0,-80.0,48211.6975,2382.4275,23667.29,19963.0,-10387.52,26049.7175,rt,2026-06-10,2026-06-09,2026-06-09 15:00:00,12,12,9_16,TimeMixer,-80.0,-158.0100555419922,-101.28343963623047,0.0,-0.0
2026-06-10 13:00:00,20.0,-69.438,41892.3,2366.08,23468.3825,19962.75,-16491.4125,25834.4625,rt,2026-06-10,2026-06-09,2026-06-09 15:00:00,13,13,9_16,TimeMixer,-69.438,-115.89045715332031,-55.72361755371094,0.0,-0.0
2026-06-10 14:00:00,20.0,-80.0,44734.485,2296.6025,22333.58,20060.5,-12542.6975,24630.1825,rt,2026-06-10,2026-06-09,2026-06-09 15:00:00,14,14,9_16,TimeMixer,-80.0,-88.46208190917969,-112.86760711669922,0.0,-0.0
2026-06-10 15:00:00,77.063,-80.0,49046.3875,2141.6625,19819.85,20199.0,-5700.625,21961.5125,rt,2026-06-10,2026-06-09,2026-06-09 15:00:00,15,15,9_16,TimeMixer,-80.0,14.218958854675293,-37.75300598144531,0.0,-0.0
2026-06-10 16:00:00,94.5,216.336,54371.125,1997.5475,15895.65,21468.5,2422.9275,17893.1975,rt,2026-06-10,2026-06-09,2026-06-09 15:00:00,16,16,9_16,TimeMixer,216.336,107.46187591552734,120.70954895019531,1.0,121.83600000000001
2026-06-10 17:00:00,348.5,397.907,59766.5125,1859.675,10686.3875,24596.5,9964.95,12546.0625,rt,2026-06-10,2026-06-09,2026-06-09 15:00:00,17,17,17_24,TimeMixer,397.907,405.3643798828125,313.4136047363281,1.0,49.40699999999998
2026-06-10 18:00:00,588.75,693.831,65769.525,1740.0975,5095.7775,26172.0,20083.9,6835.875,rt,2026-06-10,2026-06-09,2026-06-09 15:00:00,18,18,17_24,TimeMixer,693.831,470.54833984375,444.1074523925781,0.0,0.0
2026-06-10 19:00:00,631.527,769.264,69512.43,1796.47,1314.62,26074.5,27645.34,3111.09,rt,2026-06-10,2026-06-09,2026-06-09 15:00:00,19,19,17_24,TimeMixer,769.264,496.76934814453125,447.2540283203125,0.0,0.0
2026-06-10 20:00:00,628.125,731.567,72712.7775,2133.58,43.0225,25197.0,32657.675,2176.6025,rt,2026-06-10,2026-06-09,2026-06-09 15:00:00,20,20,17_24,TimeMixer,731.567,518.023681640625,459.88287353515625,0.0,0.0
2026-06-10 21:00:00,616.5,721.966,72206.265,2490.6775,0.0,23412.0,33622.0875,2490.6775,rt,2026-06-10,2026-06-09,2026-06-09 15:00:00,21,21,17_24,TimeMixer,721.966,512.3651733398438,457.2152099609375,0.0,0.0
2026-06-10 22:00:00,611.5,710.905,70156.0625,2666.455,0.0,21929.0,32879.1075,2666.455,rt,2026-06-10,2026-06-09,2026-06-09 15:00:00,22,22,17_24,TimeMixer,710.905,510.11419677734375,469.5549011230469,0.0,0.0
2026-06-10 23:00:00,612.5,699.009,66509.5125,2708.5025,0.0,20311.75,30807.76,2708.5025,rt,2026-06-10,2026-06-09,2026-06-09 15:00:00,23,23,17_24,TimeMixer,699.009,488.62725830078125,458.14154052734375,0.0,0.0
2026-06-11 00:00:00,621.02,704.704,65323.475,2628.935,0.0,19230.0,30783.04,2628.935,rt,2026-06-11,2026-06-10,2026-06-10 15:00:00,0,24,17_24,TimeMixer,704.704,436.7021484375,457.23260498046875,0.0,0.0
2026-06-11 01:00:00,668.75,747.01,63685.8325,2758.9775,0.0,20571.75,27103.605,2758.9775,rt,2026-06-11,2026-06-10,2026-06-10 15:00:00,1,1,1_8,TimeMixer,747.01,481.21484375,473.5788269042969,0.0,0.0
2026-06-11 02:00:00,656.0,701.172,62097.2475,2724.875,0.0,20571.0,25549.8725,2724.875,rt,2026-06-11,2026-06-10,2026-06-10 15:00:00,2,2,1_8,TimeMixer,701.172,475.526123046875,431.83953857421875,0.0,0.0
2026-06-11 03:00:00,636.5,651.211,60812.13,2691.1775,0.0,20570.25,24299.2025,2691.1775,rt,2026-06-11,2026-06-10,2026-06-10 15:00:00,3,3,1_8,TimeMixer,651.211,490.13568115234375,414.8147888183594,0.0,0.0
2026-06-11 04:00:00,630.5,594.341,59967.935,2720.5925,0.0125,20569.25,23426.58,2720.605,rt,2026-06-11,2026-06-10,2026-06-10 15:00:00,4,4,1_8,TimeMixer,594.341,461.53466796875,426.8813171386719,0.0,-0.0
2026-06-11 05:00:00,643.0,632.807,60718.835,2716.45,40.9675,20320.75,24389.1675,2757.4175,rt,2026-06-11,2026-06-10,2026-06-10 15:00:00,5,5,1_8,TimeMixer,632.807,486.72125244140625,426.49688720703125,0.0,-0.0
2026-06-11 06:00:00,621.75,606.609,61695.885,2511.9825,1352.035,21522.5,23057.8675,3864.0175,rt,2026-06-11,2026-06-10,2026-06-10 15:00:00,6,6,1_8,TimeMixer,606.609,445.7493896484375,467.6221008300781,0.0,-0.0
2026-06-11 07:00:00,408.25,316.35,60091.515,2063.3025,5335.1275,25076.5,14368.835,7398.43,rt,2026-06-11,2026-06-10,2026-06-10 15:00:00,7,7,1_8,TimeMixer,316.35,372.2745666503906,325.08551025390625,0.0,-0.0
2026-06-11 08:00:00,273.95,234.528,59841.8825,1523.6975,11219.305,25391.0,8518.88,12743.0025,rt,2026-06-11,2026-06-10,2026-06-10 15:00:00,8,8,1_8,TimeMixer,234.528,241.9476318359375,183.13914489746094,0.0,-0.0
2026-06-11 09:00:00,84.35,19.99,57096.1575,1190.6125,16818.9125,23297.5,2612.6325,18009.525,rt,2026-06-11,2026-06-10,2026-06-10 15:00:00,9,9,9_16,TimeMixer,19.99,-20.914222717285156,-28.536693572998047,0.0,-0.0
2026-06-11 10:00:00,10.0,-80.0,53714.01,1056.7375,20985.0625,21949.25,-3453.54,22041.8,rt,2026-06-11,2026-06-10,2026-06-10 15:00:00,10,10,9_16,TimeMixer,-80.0,-56.73838424682617,-95.57793426513672,0.0,-0.0
2026-06-11 11:00:00,-9.0,-80.0,52688.5575,1036.5325,23288.5725,20095.75,-4908.7975,24325.105,rt,2026-06-11,2026-06-10,2026-06-10 15:00:00,11,11,9_16,TimeMixer,-80.0,-135.211181640625,-116.75936126708984,0.0,-0.0
2026-06-11 12:00:00,-30.0,-80.0,50569.4425,1069.345,24110.3225,20192.0,-7978.725,25179.6675,rt,2026-06-11,2026-06-10,2026-06-10 15:00:00,12,12,9_16,TimeMixer,-80.0,-140.63479614257812,-93.20922088623047,0.0,-0.0
2026-06-11 13:00:00,-30.0,-80.0,44465.6125,1152.3025,23985.27,20016.75,-13865.21,25137.5725,rt,2026-06-11,2026-06-10,2026-06-10 15:00:00,13,13,9_16,TimeMixer,-80.0,-108.62056732177734,-45.72871398925781,0.0,-0.0
2026-06-11 14:00:00,-30.0,-80.0,47577.2975,1280.1425,22963.3675,19901.5,-9744.2125,24243.51,rt,2026-06-11,2026-06-10,2026-06-10 15:00:00,14,14,9_16,TimeMixer,-80.0,-75.67704010009766,-95.21932220458984,0.0,-0.0
2026-06-11 15:00:00,-10.0,-80.0,51136.32,1386.1325,20622.7,20056.5,-4105.5125,22008.8325,rt,2026-06-11,2026-06-10,2026-06-10 15:00:00,15,15,9_16,TimeMixer,-80.0,21.27957534790039,-31.570327758789062,1.0,-70.0
2026-06-11 16:00:00,97.25,-80.0,56055.4375,1470.145,16666.435,21684.5,3057.8575,18136.58,rt,2026-06-11,2026-06-10,2026-06-10 15:00:00,16,16,9_16,TimeMixer,-80.0,101.6119155883789,135.5291748046875,1.0,-177.25
2026-06-11 17:00:00,322.075,265.128,61850.6425,1527.16,11206.4075,24826.25,11041.825,12733.5675,rt,2026-06-11,2026-06-10,2026-06-10 15:00:00,17,17,17_24,TimeMixer,265.128,404.87396240234375,319.2227478027344,1.0,-56.947
2026-06-11 18:00:00,627.952,596.861,68737.1,1546.345,5322.9425,26173.75,22426.3125,6869.2875,rt,2026-06-11,2026-06-10,2026-06-10 15:00:00,18,18,17_24,TimeMixer,596.861,466.040283203125,445.4660339355469,0.0,-0.0
2026-06-11 19:00:00,663.15,721.029,73089.275,1653.2425,1356.5825,26074.5,30733.45,3009.825,rt,2026-06-11,2026-06-10,2026-06-10 15:00:00,19,19,17_24,TimeMixer,721.029,489.3917236328125,449.134521484375,0.0,0.0
2026-06-11 20:00:00,673.44,706.791,75753.2075,1934.4875,43.9175,25197.0,35306.3025,1978.405,rt,2026-06-11,2026-06-10,2026-06-10 15:00:00,20,20,17_24,TimeMixer,706.791,517.1381225585938,454.5897521972656,0.0,0.0
2026-06-11 21:00:00,669.25,710.16,75240.1275,2403.9325,0.0,23412.5,36162.195,2403.9325,rt,2026-06-11,2026-06-10,2026-06-10 15:00:00,21,21,17_24,TimeMixer,710.16,512.192138671875,451.8265380859375,0.0,0.0
2026-06-11 22:00:00,680.37,699.701,72907.9275,2987.4,0.0,21930.25,34743.7775,2987.4,rt,2026-06-11,2026-06-10,2026-06-10 15:00:00,22,22,17_24,TimeMixer,699.701,508.9327392578125,466.41748046875,0.0,0.0
2026-06-11 23:00:00,654.225,677.582,68997.53,3748.1475,0.0,20455.75,31562.1325,3748.1475,rt,2026-06-11,2026-06-10,2026-06-10 15:00:00,23,23,17_24,TimeMixer,677.582,486.78887939453125,455.76556396484375,0.0,0.0
2026-06-12 00:00:00,650.8,667.608,67578.915,4571.9475,0.0,19469.75,30305.7175,4571.9475,rt,2026-06-12,2026-06-11,2026-06-11 15:00:00,0,24,17_24,TimeMixer,667.608,442.22894287109375,453.7257385253906,0.0,0.0
2026-06-12 01:00:00,430.5,364.904,66098.0025,5838.95,0.0,20570.5,26477.0525,5838.95,rt,2026-06-12,2026-06-11,2026-06-11 15:00:00,1,1,1_8,TimeMixer,364.904,477.68328857421875,461.20684814453125,1.0,-65.596
2026-06-12 02:00:00,400.0,354.124,64077.765,6343.5675,0.0,20570.0,23952.6975,6343.5675,rt,2026-06-12,2026-06-11,2026-06-11 15:00:00,2,2,1_8,TimeMixer,354.124,464.0498046875,424.8080749511719,1.0,-45.875999999999976
2026-06-12 03:00:00,395.175,352.51,62538.3775,6479.79,0.0,20570.0,22277.0875,6479.79,rt,2026-06-12,2026-06-11,2026-06-11 15:00:00,3,3,1_8,TimeMixer,352.51,464.29608154296875,394.7768249511719,1.0,-42.66500000000002
2026-06-12 04:00:00,382.25,348.889,61642.4375,6291.3475,0.0125,20570.0,21569.5775,6291.36,rt,2026-06-12,2026-06-11,2026-06-11 15:00:00,4,4,1_8,TimeMixer,348.889,440.09356689453125,408.8955993652344,1.0,-33.36099999999999
2026-06-12 05:00:00,386.0,354.262,62324.9625,6138.405,41.6525,20318.5,22614.905,6180.0575,rt,2026-06-12,2026-06-11,2026-06-11 15:00:00,5,5,1_8,TimeMixer,354.262,457.9696044921875,400.0434265136719,1.0,-31.738
2026-06-12 06:00:00,380.0,347.303,63101.0925,5769.1625,1349.305,21608.5,21162.625,7118.4675,rt,2026-06-12,2026-06-11,2026-06-11 15:00:00,6,6,1_8,TimeMixer,347.303,426.66802978515625,435.8095397949219,1.0,-32.697
2026-06-12 07:00:00,348.15,45.642,62193.685,5081.87,5112.655,25327.0,13464.41,10194.525,rt,2026-06-12,2026-06-11,2026-06-11 15:00:00,7,7,1_8,TimeMixer,45.642,345.981201171875,292.3343505859375,0.0,-0.0
2026-06-12 08:00:00,299.75,-61.869,63213.395,4029.5825,10495.6525,25663.75,9950.41,14525.235,rt,2026-06-12,2026-06-11,2026-06-11 15:00:00,8,8,1_8,TimeMixer,-61.869,230.06590270996094,156.90988159179688,0.0,-0.0
2026-06-12 09:00:00,234.11,116.335,62859.53,3108.2475,15491.3825,23302.25,8121.15,18599.63,rt,2026-06-12,2026-06-11,2026-06-11 15:00:00,9,9,9_16,TimeMixer,116.335,143.9153289794922,-24.763439178466797,0.0,-0.0
2026-06-12 10:00:00,101.678,125.484,61195.855,2656.12,19210.6575,21625.25,4867.3275,21866.7775,rt,2026-06-12,2026-06-11,2026-06-11 15:00:00,10,10,9_16,TimeMixer,125.484,-30.436077117919922,-77.1674575805664,0.0,0.0
2026-06-12 11:00:00,104.5,87.227,61476.4675,2641.5625,21304.6775,20165.75,4527.9775,23946.24,rt,2026-06-12,2026-06-11,2026-06-11 15:00:00,11,11,9_16,TimeMixer,87.227,-77.97669219970703,-82.94947052001953,0.0,-0.0
2026-06-12 12:00:00,62.0,61.114,59160.465,2896.9275,22036.1925,20035.0,1355.845,24933.12,rt,2026-06-12,2026-06-11,2026-06-11 15:00:00,12,12,9_16,TimeMixer,61.114,-98.60264587402344,-49.681602478027344,0.0,-0.0
2026-06-12 13:00:00,29.5,-17.492,54353.83,3511.27,21841.51,20036.5,-3871.95,25352.78,rt,2026-06-12,2026-06-11,2026-06-11 15:00:00,13,13,9_16,TimeMixer,-17.492,-85.91289520263672,-33.012481689453125,0.0,-0.0
2026-06-12 14:00:00,29.5,337.286,57174.02,4287.3075,20667.6025,20116.25,-733.64,24954.91,rt,2026-06-12,2026-06-11,2026-06-11 15:00:00,14,14,9_16,TimeMixer,337.286,-26.888731002807617,-65.93450164794922,0.0,0.0
2026-06-12 15:00:00,122.0,313.25,60846.655,5223.6625,18092.12,20217.5,4476.8725,23315.7825,rt,2026-06-12,2026-06-11,2026-06-11 15:00:00,15,15,9_16,TimeMixer,313.25,27.182472229003906,-35.04393005371094,0.0,0.0
2026-06-12 16:00:00,293.58,337.636,65573.7125,6408.7325,14249.76,21450.5,10628.22,20658.4925,rt,2026-06-12,2026-06-11,2026-06-11 15:00:00,16,16,9_16,TimeMixer,337.636,265.2979431152344,145.05508422851562,0.0,0.0
2026-06-12 17:00:00,279.463,342.176,70371.66,7709.175,9364.86,24715.0,15673.625,17074.035,rt,2026-06-12,2026-06-11,2026-06-11 15:00:00,17,17,17_24,TimeMixer,342.176,403.301025390625,309.9991149902344,1.0,62.712999999999965
2026-06-12 18:00:00,388.628,350.251,74511.9625,8960.8625,4431.6225,26653.75,21537.9775,13392.485,rt,2026-06-12,2026-06-11,2026-06-11 15:00:00,18,18,17_24,TimeMixer,350.251,466.4908447265625,448.2943115234375,1.0,-38.37700000000001
2026-06-12 19:00:00,400.0,350.112,77432.12,10308.83,1158.975,26631.25,26401.565,11467.805,rt,2026-06-12,2026-06-11,2026-06-11 15:00:00,19,19,17_24,TimeMixer,350.112,490.11474609375,456.7752990722656,1.0,-49.88799999999998
2026-06-12 20:00:00,400.0,338.321,80255.6025,11966.015,40.55,25761.0,29556.5375,12006.565,rt,2026-06-12,2026-06-11,2026-06-11 15:00:00,20,20,17_24,TimeMixer,338.321,514.27978515625,447.8590393066406,1.0,-61.678999999999974
2026-06-12 21:00:00,398.0,337.355,80082.825,13482.175,0.0,23976.0,29693.15,13482.175,rt,2026-06-12,2026-06-11,2026-06-11 15:00:00,21,21,17_24,TimeMixer,337.355,509.81756591796875,465.04864501953125,1.0,-60.64499999999998
2026-06-12 22:00:00,389.5,337.14,77582.8875,14653.49,0.0,22493.0,27504.8975,14653.49,rt,2026-06-12,2026-06-11,2026-06-11 15:00:00,22,22,17_24,TimeMixer,337.14,501.935546875,478.40966796875,1.0,-52.360000000000014
2026-06-12 23:00:00,388.0,362.127,73794.87,15483.97,0.0,20808.0,24571.4,15483.97,rt,2026-06-12,2026-06-11,2026-06-11 15:00:00,23,23,17_24,TimeMixer,362.127,474.15777587890625,455.1451721191406,1.0,-25.87299999999999
2026-06-13 00:00:00,386.0,380.508,72082.7375,15840.8175,0.0,19485.5,23824.92,15840.8175,rt,2026-06-13,2026-06-12,2026-06-12 15:00:00,0,24,17_24,TimeMixer,380.508,411.28985595703125,399.810302734375,1.0,-5.492000000000019
2026-06-13 01:00:00,390.0,388.425,68029.845,15177.02,0.0,20800.5,19190.825,15177.02,rt,2026-06-13,2026-06-12,2026-06-12 15:00:00,1,1,1_8,TimeMixer,388.425,444.58563232421875,394.1484069824219,1.0,-1.5749999999999886
2026-06-13 02:00:00,370.0,370.524,65590.7125,14609.355,0.0,20814.75,17305.1075,14609.355,rt,2026-06-13,2026-06-12,2026-06-12 15:00:00,2,2,1_8,TimeMixer,370.524,403.6982421875,365.15704345703125,1.0,0.5240000000000009
2026-06-13 03:00:00,335.0,368.188,63569.7275,13805.3475,0.0,20780.75,16122.13,13805.3475,rt,2026-06-13,2026-06-12,2026-06-12 15:00:00,3,3,1_8,TimeMixer,368.188,409.46636962890625,356.8708190917969,1.0,33.18799999999999
2026-06-13 04:00:00,324.5,360.819,62486.6,12868.44,0.01,20779.0,15977.65,12868.45,rt,2026-06-13,2026-06-12,2026-06-12 15:00:00,4,4,1_8,TimeMixer,360.819,390.5387878417969,329.40557861328125,1.0,36.31900000000002
2026-06-13 05:00:00,381.0,356.526,62829.8925,11952.9,55.82,20528.0,17431.6725,12008.72,rt,2026-06-13,2026-06-12,2026-06-12 15:00:00,5,5,1_8,TimeMixer,356.526,396.9130859375,327.1133117675781,1.0,-24.47399999999999
2026-06-13 06:00:00,366.2,362.916,63853.6375,10987.83,1130.2575,21738.25,17135.8,12118.0875,rt,2026-06-13,2026-06-12,2026-06-12 15:00:00,6,6,1_8,TimeMixer,362.916,368.86566162109375,356.6588134765625,1.0,-3.283999999999992
2026-06-13 07:00:00,252.5,340.861,62655.1875,9851.5375,4212.525,25329.25,10404.125,14064.0625,rt,2026-06-13,2026-06-12,2026-06-12 15:00:00,7,7,1_8,TimeMixer,340.861,301.1614990234375,227.75509643554688,1.0,88.36099999999999
2026-06-13 08:00:00,151.0,351.274,63273.2675,8575.1575,8925.7775,25663.0,7310.3325,17500.935,rt,2026-06-13,2026-06-12,2026-06-12 15:00:00,8,8,1_8,TimeMixer,351.274,183.78091430664062,124.37223052978516,1.0,200.274
2026-06-13 09:00:00,170.81,369.244,62157.38,7923.6975,13652.4575,23260.25,4534.475,21576.155,rt,2026-06-13,2026-06-12,2026-06-12 15:00:00,9,9,9_16,TimeMixer,369.244,-51.6722526550293,-67.99579620361328,0.0,0.0
2026-06-13 10:00:00,70.0,359.711,60088.37,7944.3075,17435.7525,21583.75,338.06,25380.06,rt,2026-06-13,2026-06-12,2026-06-12 15:00:00,10,10,9_16,TimeMixer,359.711,-45.90623092651367,-102.04586029052734,0.0,0.0
2026-06-13 11:00:00,37.0,219.8,60076.6275,8346.19,19867.895,20219.5,-1143.4575,28214.085,rt,2026-06-13,2026-06-12,2026-06-12 15:00:00,11,11,9_16,TimeMixer,219.8,-63.46103286743164,-100.87215423583984,0.0,0.0
2026-06-13 12:00:00,26.5,-80.0,57950.4975,8872.4825,20908.4875,20151.25,-4768.2225,29780.97,rt,2026-06-13,2026-06-12,2026-06-12 15:00:00,12,12,9_16,TimeMixer,-80.0,-67.18588256835938,-87.8072738647461,0.0,-0.0
2026-06-13 13:00:00,25.0,-80.0,52877.6275,9490.3475,20559.1125,20107.0,-10065.3325,30049.46,rt,2026-06-13,2026-06-12,2026-06-12 15:00:00,13,13,9_16,TimeMixer,-80.0,-81.6021957397461,-90.67677307128906,0.0,-0.0
2026-06-13 14:00:00,99.5,155.709,56508.4175,10254.92,18856.725,20126.75,-5516.4775,29111.645,rt,2026-06-13,2026-06-12,2026-06-12 15:00:00,14,14,9_16,TimeMixer,155.709,-45.98529815673828,-71.1347885131836,0.0,0.0
2026-06-13 15:00:00,99.5,132.922,60525.0525,10898.8775,15964.24,20227.25,648.185,26863.1175,rt,2026-06-13,2026-06-12,2026-06-12 15:00:00,15,15,9_16,TimeMixer,132.922,0.8144636154174805,-88.69435119628906,0.0,0.0
2026-06-13 16:00:00,300.0,391.032,65185.96,11236.98,12165.7225,21426.5,7570.2575,23402.7025,rt,2026-06-13,2026-06-12,2026-06-12 15:00:00,16,16,9_16,TimeMixer,391.032,239.9085693359375,111.66241455078125,0.0,0.0
2026-06-13 17:00:00,319.233,348.906,70422.31,11388.8475,7889.16,24652.0,13633.3025,19278.0075,rt,2026-06-13,2026-06-12,2026-06-12 15:00:00,17,17,17_24,TimeMixer,348.906,401.80975341796875,302.8902282714844,1.0,29.673000000000002
2026-06-13 18:00:00,399.5,359.794,75180.3875,11308.68,3824.2725,26654.25,20515.435,15132.9525,rt,2026-06-13,2026-06-12,2026-06-12 15:00:00,18,18,17_24,TimeMixer,359.794,472.26904296875,429.4622802734375,1.0,-39.70600000000002
2026-06-13 19:00:00,400.0,346.821,77593.53,11506.9475,1039.36,26631.25,25534.4725,12546.3075,rt,2026-06-13,2026-06-12,2026-06-12 15:00:00,19,19,17_24,TimeMixer,346.821,498.339111328125,446.4721374511719,1.0,-53.178999999999974
2026-06-13 20:00:00,387.0,354.418,79125.8025,12196.54,58.385,25761.0,28228.3775,12254.925,rt,2026-06-13,2026-06-12,2026-06-12 15:00:00,20,20,17_24,TimeMixer,354.418,504.8419189453125,437.5545959472656,1.0,-32.581999999999994
2026-06-13 21:00:00,394.0,353.276,78403.795,13081.675,0.0,23976.0,28464.62,13081.675,rt,2026-06-13,2026-06-12,2026-06-12 15:00:00,21,21,17_24,TimeMixer,353.276,498.3699951171875,455.7613830566406,1.0,-40.72399999999999
2026-06-13 22:00:00,390.5,371.079,75980.9925,13719.865,0.0,22493.25,26886.3775,13719.865,rt,2026-06-13,2026-06-12,2026-06-12 15:00:00,22,22,17_24,TimeMixer,371.079,494.765380859375,466.884765625,1.0,-19.420999999999992
2026-06-13 23:00:00,395.0,374.751,72208.8975,14067.7375,0.0,20905.25,24354.41,14067.7375,rt,2026-06-13,2026-06-12,2026-06-12 15:00:00,23,23,17_24,TimeMixer,374.751,454.0189208984375,440.61737060546875,1.0,-20.249000000000024
2026-06-14 00:00:00,392.0,414.513,71348.0725,13944.4125,0.0,19697.5,24824.66,13944.4125,rt,2026-06-14,2026-06-13,2026-06-13 15:00:00,0,24,17_24,TimeMixer,414.513,419.3321533203125,429.394775390625,1.0,22.512999999999977
2026-06-14 01:00:00,400.0,448.756,70127.4075,12594.57,0.0,20800.5,23971.5375,12594.57,rt,2026-06-14,2026-06-13,2026-06-13 15:00:00,1,1,1_8,TimeMixer,448.756,461.196044921875,433.58245849609375,1.0,48.75599999999997
2026-06-14 02:00:00,386.0,398.522,67667.4925,12069.295,0.0,20814.75,22022.6475,12069.295,rt,2026-06-14,2026-06-13,2026-06-13 15:00:00,2,2,1_8,TimeMixer,398.522,419.843017578125,397.6020202636719,1.0,12.521999999999991
2026-06-14 03:00:00,385.5,385.068,65663.1225,11299.65,0.0,20781.0,20821.6725,11299.65,rt,2026-06-14,2026-06-13,2026-06-13 15:00:00,3,3,1_8,TimeMixer,385.068,427.34552001953125,385.3339538574219,1.0,-0.43200000000001637
2026-06-14 04:00:00,383.0,374.883,64843.1375,10350.075,0.0125,20779.25,20953.0,10350.0875,rt,2026-06-14,2026-06-13,2026-06-13 15:00:00,4,4,1_8,TimeMixer,374.883,405.73541259765625,360.5997314453125,1.0,-8.117000000000019
2026-06-14 05:00:00,389.5,378.919,65030.0975,9489.5725,27.2,20528.0,22224.525,9516.7725,rt,2026-06-14,2026-06-13,2026-06-13 15:00:00,5,5,1_8,TimeMixer,378.919,416.66192626953125,360.8470458984375,1.0,-10.581000000000017
2026-06-14 06:00:00,383.5,377.845,65811.585,8565.2825,943.2625,21738.5,21803.74,9508.545,rt,2026-06-14,2026-06-13,2026-06-13 15:00:00,6,6,1_8,TimeMixer,377.845,384.3961181640625,395.2546691894531,1.0,-5.654999999999973
2026-06-14 07:00:00,333.715,350.426,62696.4825,7460.4825,3729.4975,25329.25,13420.2025,11189.98,rt,2026-06-14,2026-06-13,2026-06-13 15:00:00,7,7,1_8,TimeMixer,350.426,308.11932373046875,253.951904296875,0.0,0.0
2026-06-14 08:00:00,342.75,346.917,63447.6075,6283.465,8228.205,25663.25,10574.3875,14511.67,rt,2026-06-14,2026-06-13,2026-06-13 15:00:00,8,8,1_8,TimeMixer,346.917,185.18431091308594,124.42314910888672,0.0,0.0
2026-06-14 09:00:00,291.0,326.857,60446.1475,5636.9475,13416.8375,23259.75,5446.8125,19053.785,rt,2026-06-14,2026-06-13,2026-06-13 15:00:00,9,9,9_16,TimeMixer,326.857,103.67791748046875,-79.89380645751953,0.0,0.0
2026-06-14 10:00:00,165.5,331.67,57504.8325,5596.155,18031.9225,21641.0,-450.045,23628.0775,rt,2026-06-14,2026-06-13,2026-06-13 15:00:00,10,10,9_16,TimeMixer,331.67,-51.26954650878906,-118.41600799560547,0.0,0.0
2026-06-14 11:00:00,173.5,199.752,55653.6075,5805.24,20968.935,20517.0,-4323.3675,26774.175,rt,2026-06-14,2026-06-13,2026-06-13 15:00:00,11,11,9_16,TimeMixer,199.752,-88.3434829711914,-111.83885955810547,0.0,0.0
2026-06-14 12:00:00,55.0,224.486,53830.97,6193.695,22295.775,20222.5,-7566.8,28489.47,rt,2026-06-14,2026-06-13,2026-06-13 15:00:00,12,12,9_16,TimeMixer,224.486,-77.83610534667969,-101.99199676513672,0.0,0.0
2026-06-14 13:00:00,56.875,-80.0,49506.3375,6600.4125,22202.475,20347.0,-12329.35,28802.8875,rt,2026-06-14,2026-06-13,2026-06-13 15:00:00,13,13,9_16,TimeMixer,-80.0,-89.80382537841797,-90.03257751464844,0.0,-0.0
2026-06-14 14:00:00,56.0,-80.0,52116.525,7009.8075,20803.1775,20502.5,-8884.76,27812.985,rt,2026-06-14,2026-06-13,2026-06-13 15:00:00,14,14,9_16,TimeMixer,-80.0,-54.76039505004883,-100.76494598388672,0.0,-0.0
2026-06-14 15:00:00,110.5,-64.607,56044.565,7448.9675,18097.6125,20592.5,-2780.315,25546.58,rt,2026-06-14,2026-06-13,2026-06-13 15:00:00,15,15,9_16,TimeMixer,-64.607,-11.326086044311523,-93.25053405761719,0.0,-0.0
2026-06-14 16:00:00,315.5,180.289,61358.895,7871.0525,14181.07,21550.75,5070.2225,22052.1225,rt,2026-06-14,2026-06-13,2026-06-13 15:00:00,16,16,9_16,TimeMixer,180.289,229.58676147460938,101.15812683105469,0.0,-0.0
2026-06-14 17:00:00,378.625,275.755,66695.1625,8355.9325,9468.2525,24651.25,11461.4275,17824.185,rt,2026-06-14,2026-06-13,2026-06-13 15:00:00,17,17,17_24,TimeMixer,275.755,396.96685791015625,294.6880798339844,1.0,-102.87
2026-06-14 18:00:00,400.0,351.504,71804.3925,8956.26,4575.195,26653.75,18842.1375,13531.455,rt,2026-06-14,2026-06-13,2026-06-13 15:00:00,18,18,17_24,TimeMixer,351.504,467.393798828125,438.78009033203125,1.0,-48.49599999999998
2026-06-14 19:00:00,415.0,358.265,75801.275,9750.9175,1190.5675,26631.25,25447.74,10941.485,rt,2026-06-14,2026-06-13,2026-06-13 15:00:00,19,19,17_24,TimeMixer,358.265,493.47113037109375,450.8160095214844,1.0,-56.735000000000014
2026-06-14 20:00:00,397.75,352.996,78280.42,10827.74,40.64,25761.25,28869.99,10868.38,rt,2026-06-14,2026-06-13,2026-06-13 15:00:00,20,20,17_24,TimeMixer,352.996,511.62628173828125,445.7290954589844,1.0,-44.75400000000002
2026-06-14 21:00:00,390.0,350.0,77470.7,12233.385,0.0,23976.25,28480.265,12233.385,rt,2026-06-14,2026-06-13,2026-06-13 15:00:00,21,21,17_24,TimeMixer,350.0,500.0115966796875,471.5380554199219,1.0,-40.0
2026-06-14 22:00:00,392.0,350.22,74701.02,13481.67,0.0,22493.25,25945.3,13481.67,rt,2026-06-14,2026-06-13,2026-06-13 15:00:00,22,22,17_24,TimeMixer,350.22,496.4189453125,484.6947326660156,1.0,-41.77999999999997
2026-06-14 23:00:00,394.0,357.788,71254.5175,14348.32,0.0,20905.5,23219.8975,14348.32,rt,2026-06-14,2026-06-13,2026-06-13 15:00:00,23,23,17_24,TimeMixer,357.788,459.61114501953125,448.7972106933594,1.0,-36.21199999999999
2026-06-15 00:00:00,400.0,361.99,69655.475,14538.9325,0.0,20414.5,21921.2425,14538.9325,rt,2026-06-15,2026-06-14,2026-06-14 15:00:00,0,24,17_24,TimeMixer,361.99,408.5625,427.4933166503906,1.0,-38.00999999999999
2026-06-15 01:00:00,433.0,361.568,65258.0175,12665.6825,0.0,22595.75,17085.785,12665.6825,rt,2026-06-15,2026-06-14,2026-06-14 15:00:00,1,1,1_8,TimeMixer,361.568,469.56390380859375,436.653076171875,1.0,-71.43200000000002
2026-06-15 02:00:00,400.0,349.409,63290.0875,12209.085,0.0,22807.0,15363.2025,12209.085,rt,2026-06-15,2026-06-14,2026-06-14 15:00:00,2,2,1_8,TimeMixer,349.409,443.02960205078125,400.87152099609375,1.0,-50.59100000000001
2026-06-15 03:00:00,389.0,351.023,61595.4825,11505.615,0.0,22861.25,14317.8175,11505.615,rt,2026-06-15,2026-06-14,2026-06-14 15:00:00,3,3,1_8,TimeMixer,351.023,443.76947021484375,382.9966125488281,1.0,-37.976999999999975
2026-06-15 04:00:00,386.0,352.874,60793.72,10636.275,0.01,22587.0,14659.635,10636.285,rt,2026-06-15,2026-06-14,2026-06-14 15:00:00,4,4,1_8,TimeMixer,352.874,427.1689453125,370.6215515136719,1.0,-33.125999999999976
2026-06-15 05:00:00,408.0,357.522,61321.71,9719.1225,34.7,22009.5,16647.5875,9753.8225,rt,2026-06-15,2026-06-14,2026-06-14 15:00:00,5,5,1_8,TimeMixer,357.522,443.374267578125,367.2425842285156,1.0,-50.47800000000001
2026-06-15 06:00:00,412.0,351.12,63266.8625,8783.7475,1101.2675,24283.5,16187.5475,9885.015,rt,2026-06-15,2026-06-14,2026-06-14 15:00:00,6,6,1_8,TimeMixer,351.12,393.84259033203125,402.9498291015625,0.0,-0.0
2026-06-15 07:00:00,339.0,234.573,62464.3925,7641.875,4176.905,29386.5,8352.0625,11818.78,rt,2026-06-15,2026-06-14,2026-06-14 15:00:00,7,7,1_8,TimeMixer,234.573,306.99957275390625,276.5135192871094,0.0,-0.0
2026-06-15 08:00:00,300.0,317.141,65398.135,6596.2025,8825.815,29605.0,7522.8175,15422.0175,rt,2026-06-15,2026-06-14,2026-06-14 15:00:00,8,8,1_8,TimeMixer,317.141,174.06582641601562,139.4221954345703,0.0,0.0
2026-06-15 09:00:00,300.0,332.297,65094.455,5982.57,13662.88,26685.25,5927.955,19645.45,rt,2026-06-15,2026-06-14,2026-06-14 15:00:00,9,9,9_16,TimeMixer,332.297,109.45285034179688,-33.4514274597168,0.0,0.0
2026-06-15 10:00:00,267.0,299.286,62880.0675,5603.0175,17725.03,25179.25,1536.97,23328.0475,rt,2026-06-15,2026-06-14,2026-06-14 15:00:00,10,10,9_16,TimeMixer,299.286,-61.594364166259766,-57.131019592285156,0.0,0.0
2026-06-15 11:00:00,141.03,2.327,61682.295,5290.785,20473.62,24311.5,-1229.41,25764.405,rt,2026-06-15,2026-06-14,2026-06-14 15:00:00,11,11,9_16,TimeMixer,2.327,-85.1947021484375,-86.22530364990234,0.0,-0.0
2026-06-15 12:00:00,58.72,-80.0,58110.18,5164.46,21795.31,23984.5,-5669.89,26959.77,rt,2026-06-15,2026-06-14,2026-06-14 15:00:00,12,12,9_16,TimeMixer,-80.0,-121.5312728881836,-59.16217803955078,0.0,-0.0
2026-06-15 13:00:00,29.0,-80.0,52559.4925,5195.8475,21856.4525,24182.75,-11511.3575,27052.3,rt,2026-06-15,2026-06-14,2026-06-14 15:00:00,13,13,9_16,TimeMixer,-80.0,-113.67328643798828,-57.028839111328125,0.0,-0.0
2026-06-15 14:00:00,72.5,-80.0,55049.3025,5429.5675,20802.2725,24377.25,-8395.5875,26231.84,rt,2026-06-15,2026-06-14,2026-06-14 15:00:00,14,14,9_16,TimeMixer,-80.0,-58.079959869384766,-64.12081146240234,0.0,-0.0
2026-06-15 15:00:00,41.0,-80.0,58307.795,5882.8975,18394.265,24627.0,-3432.1675,24277.1625,rt,2026-06-15,2026-06-14,2026-06-14 15:00:00,15,15,9_16,TimeMixer,-80.0,6.844582557678223,-55.82743835449219,0.0,-0.0
2026-06-15 16:00:00,281.5,103.351,63178.35,6498.8875,14565.2375,25918.0,3360.425,21064.125,rt,2026-06-15,2026-06-14,2026-06-14 15:00:00,16,16,9_16,TimeMixer,103.351,91.05213165283203,117.10592651367188,0.0,-0.0
2026-06-15 17:00:00,326.5,120.823,68171.9625,7178.2675,9684.1325,29277.5,9123.7625,16862.4,rt,2026-06-15,2026-06-14,2026-06-14 15:00:00,17,17,17_24,TimeMixer,120.823,389.4566345214844,295.2331237792969,1.0,-205.67700000000002
2026-06-15 18:00:00,405.5,339.291,73527.4,7828.5725,4664.2,31153.25,16954.3275,12492.7725,rt,2026-06-15,2026-06-14,2026-06-14 15:00:00,18,18,17_24,TimeMixer,339.291,463.65673828125,432.5503234863281,1.0,-66.209
2026-06-15 19:00:00,449.5,346.299,77235.1925,8547.4,1223.205,31003.25,23530.5375,9770.605,rt,2026-06-15,2026-06-14,2026-06-14 15:00:00,19,19,17_24,TimeMixer,346.299,496.67230224609375,450.95556640625,1.0,-103.20100000000002
2026-06-15 20:00:00,439.5,348.798,79552.835,9484.5875,42.0075,30259.75,26835.69,9526.595,rt,2026-06-15,2026-06-14,2026-06-14 15:00:00,20,20,17_24,TimeMixer,348.798,513.291748046875,458.37841796875,1.0,-90.702
2026-06-15 21:00:00,385.545,349.427,78893.2475,10562.3275,0.0,28473.75,26926.37,10562.3275,rt,2026-06-15,2026-06-14,2026-06-14 15:00:00,21,21,17_24,TimeMixer,349.427,509.50115966796875,459.6142272949219,1.0,-36.117999999999995
2026-06-15 22:00:00,389.125,349.372,75771.8675,11836.2875,0.0,26601.75,24403.03,11836.2875,rt,2026-06-15,2026-06-14,2026-06-14 15:00:00,22,22,17_24,TimeMixer,349.372,506.13031005859375,471.7165222167969,1.0,-39.752999999999986
2026-06-15 23:00:00,435.0,361.258,71562.68,12763.8625,0.0,24426.25,21441.7675,12763.8625,rt,2026-06-15,2026-06-14,2026-06-14 15:00:00,23,23,17_24,TimeMixer,361.258,459.71649169921875,454.2766418457031,1.0,-73.74200000000002
2026-06-16 00:00:00,424.0,361.518,70363.2175,13155.025,0.0,22793.5,21483.8925,13155.025,rt,2026-06-16,2026-06-15,2026-06-15 15:00:00,0,24,17_24,TimeMixer,361.518,412.159423828125,433.28546142578125,0.0,-0.0
2026-06-16 01:00:00,458.0,539.059,66073.06,11108.0475,0.0,22843.5,19210.7125,11108.0475,rt,2026-06-16,2026-06-15,2026-06-15 15:00:00,1,1,1_8,TimeMixer,539.059,474.16986083984375,445.2641296386719,1.0,81.05899999999997
2026-06-16 02:00:00,438.25,518.029,64203.03,10383.5675,0.0,22843.75,18064.9125,10383.5675,rt,2026-06-16,2026-06-15,2026-06-15 15:00:00,2,2,1_8,TimeMixer,518.029,455.2777099609375,404.4270935058594,1.0,79.779
2026-06-16 03:00:00,432.25,514.629,62886.3075,9574.18,0.0,22900.75,17500.5775,9574.18,rt,2026-06-16,2026-06-15,2026-06-15 15:00:00,3,3,1_8,TimeMixer,514.629,458.34381103515625,387.614990234375,1.0,82.37900000000002
2026-06-16 04:00:00,439.0,516.556,61946.2925,8772.5725,0.01,22625.25,17637.66,8772.5825,rt,2026-06-16,2026-06-15,2026-06-15 15:00:00,4,4,1_8,TimeMixer,516.556,442.7227783203125,381.307373046875,1.0,77.55600000000004
2026-06-16 05:00:00,456.0,527.45,62557.8025,8088.7625,34.935,22046.25,19477.055,8123.6975,rt,2026-06-16,2026-06-15,2026-06-15 15:00:00,5,5,1_8,TimeMixer,527.45,455.90484619140625,378.0793151855469,0.0,0.0
2026-06-16 06:00:00,457.0,492.891,64742.7025,7428.1675,1118.5025,24311.75,18973.4825,8546.67,rt,2026-06-16,2026-06-15,2026-06-15 15:00:00,6,6,1_8,TimeMixer,492.891,404.83251953125,415.0563659667969,0.0,0.0
2026-06-16 07:00:00,329.5,184.643,64152.46,6516.8025,4403.7275,29398.5,10926.38,10920.53,rt,2026-06-16,2026-06-15,2026-06-15 15:00:00,7,7,1_8,TimeMixer,184.643,308.96337890625,283.4600830078125,0.0,-0.0
2026-06-16 08:00:00,284.32,387.135,65813.1525,5546.75,9431.105,29617.5,8369.4975,14977.855,rt,2026-06-16,2026-06-15,2026-06-15 15:00:00,8,8,1_8,TimeMixer,387.135,183.02548217773438,151.5041961669922,0.0,0.0
2026-06-16 09:00:00,265.5,250.223,64997.3375,4799.885,14603.4225,26710.75,6047.48,19403.3075,rt,2026-06-16,2026-06-15,2026-06-15 15:00:00,9,9,9_16,TimeMixer,250.223,109.48490905761719,-44.31388473510742,0.0,-0.0
2026-06-16 10:00:00,144.0,373.347,62218.38,4270.8925,18716.4175,25207.75,1187.52,22987.31,rt,2026-06-16,2026-06-15,2026-06-15 15:00:00,10,10,9_16,TimeMixer,373.347,-77.40464782714844,-79.0449447631836,0.0,0.0
2026-06-16 11:00:00,20.0,540.651,60989.755,3945.035,21384.9225,24343.0,-1519.0025,25329.9575,rt,2026-06-16,2026-06-15,2026-06-15 15:00:00,11,11,9_16,TimeMixer,540.651,-115.34654235839844,-116.43627166748047,0.0,0.0
2026-06-16 12:00:00,0.0,315.524,57556.425,3842.6925,22657.2275,24013.5,-5792.795,26499.92,rt,2026-06-16,2026-06-15,2026-06-15 15:00:00,12,12,9_16,TimeMixer,315.524,-145.84329223632812,-95.24279022216797,0.0,0.0
2026-06-16 13:00:00,-30.0,56.218,50232.055,3985.4425,22734.52,24211.5,-13535.2075,26719.9625,rt,2026-06-16,2026-06-15,2026-06-15 15:00:00,13,13,9_16,TimeMixer,56.218,-128.72860717773438,-71.56085205078125,0.0,0.0
2026-06-16 14:00:00,-31.0,36.401,53133.28,4451.7175,21708.5475,24407.0,-10269.785,26160.265,rt,2026-06-16,2026-06-15,2026-06-15 15:00:00,14,14,9_16,TimeMixer,36.401,-81.03756713867188,-89.99471282958984,0.0,0.0
2026-06-16 15:00:00,0.0,-75.294,56478.0825,5042.435,19248.5825,24657.5,-5321.235,24291.0175,rt,2026-06-16,2026-06-15,2026-06-15 15:00:00,15,15,9_16,TimeMixer,-75.294,-7.779932498931885,-79.44908142089844,0.0,-0.0
2026-06-16 16:00:00,145.5,-80.0,61447.4775,5725.4925,15302.285,25936.25,1617.65,21027.7775,rt,2026-06-16,2026-06-15,2026-06-15 15:00:00,16,16,9_16,TimeMixer,-80.0,87.31818389892578,102.21347045898438,0.0,-0.0
2026-06-16 17:00:00,314.0,168.901,66886.03,6413.5325,10152.52,29277.0,8123.4275,16566.0525,rt,2026-06-16,2026-06-15,2026-06-15 15:00:00,17,17,17_24,TimeMixer,168.901,391.492919921875,290.64019775390625,1.0,-145.099
2026-06-16 18:00:00,423.838,499.266,72476.2725,7178.94,4795.5575,31152.25,16422.475,11974.4975,rt,2026-06-16,2026-06-15,2026-06-15 15:00:00,18,18,17_24,TimeMixer,499.266,462.46331787109375,437.4556579589844,1.0,75.428
2026-06-16 19:00:00,470.075,524.195,75663.04,8231.43,1242.16,31003.75,22254.9,9473.59,rt,2026-06-16,2026-06-15,2026-06-15 15:00:00,19,19,17_24,TimeMixer,524.195,501.64227294921875,448.564453125,1.0,54.12000000000006
2026-06-16 20:00:00,460.5,472.235,77907.65,9453.265,42.245,30259.25,25222.09,9495.51,rt,2026-06-16,2026-06-15,2026-06-15 15:00:00,20,20,17_24,TimeMixer,472.235,520.4594116210938,459.0697021484375,1.0,11.735000000000014
2026-06-16 21:00:00,440.0,411.149,77222.795,10826.2225,0.0,28474.25,24991.5225,10826.2225,rt,2026-06-16,2026-06-15,2026-06-15 15:00:00,21,21,17_24,TimeMixer,411.149,511.32244873046875,456.2759704589844,1.0,-28.851
2026-06-16 22:00:00,433.838,386.038,74637.8375,12071.1075,0.0,26574.75,23061.18,12071.1075,rt,2026-06-16,2026-06-15,2026-06-15 15:00:00,22,22,17_24,TimeMixer,386.038,509.15655517578125,468.5049133300781,1.0,-47.80000000000001
2026-06-16 23:00:00,440.0,437.608,70424.34,12968.435,0.0,24361.75,20163.355,12968.435,rt,2026-06-16,2026-06-15,2026-06-15 15:00:00,23,23,17_24,TimeMixer,437.608,466.98687744140625,443.953125,1.0,-2.391999999999996
2026-06-17 00:00:00,450.5,459.6,69301.095,13315.04,0.0,22723.5,20331.755,13315.04,rt,2026-06-17,2026-06-16,2026-06-16 15:00:00,0,24,17_24,TimeMixer,459.6,436.90911865234375,456.2213439941406,0.0,0.0
2026-06-17 01:00:00,487.5,519.48,67248.3575,13154.51,0.0,22992.75,17880.2975,13154.51,rt,2026-06-17,2026-06-16,2026-06-16 15:00:00,1,1,1_8,TimeMixer,519.48,477.59844970703125,463.2162170410156,0.0,0.0
2026-06-17 02:00:00,469.35,494.69,65122.7675,12536.35,0.0,22971.75,16393.8675,12536.35,rt,2026-06-17,2026-06-16,2026-06-16 15:00:00,2,2,1_8,TimeMixer,494.69,475.3143310546875,432.3404235839844,1.0,25.339999999999975
2026-06-17 03:00:00,460.0,500.67,63551.4225,11396.1175,0.0,23001.75,15932.755,11396.1175,rt,2026-06-17,2026-06-16,2026-06-16 15:00:00,3,3,1_8,TimeMixer,500.67,475.97576904296875,399.1652526855469,1.0,40.670000000000016
2026-06-17 04:00:00,462.5,518.6,62653.2425,9942.7775,0.01,22732.75,16756.905,9942.7875,rt,2026-06-17,2026-06-16,2026-06-16 15:00:00,4,4,1_8,TimeMixer,518.6,457.05419921875,401.7550964355469,0.0,0.0
2026-06-17 05:00:00,494.2,524.5,63383.0325,8528.69,30.1975,22145.0,19458.345,8558.8875,rt,2026-06-17,2026-06-16,2026-06-16 15:00:00,5,5,1_8,TimeMixer,524.5,470.38848876953125,395.72235107421875,0.0,0.0
2026-06-17 06:00:00,496.9,433.65,64920.2575,7214.955,1067.6925,23921.5,19495.31,8282.6475,rt,2026-06-17,2026-06-16,2026-06-16 15:00:00,6,6,1_8,TimeMixer,433.65,423.7216796875,437.1512451171875,0.0,-0.0
2026-06-17 07:00:00,333.5,-3.68,64490.605,5827.0825,4230.425,28003.25,13216.5475,10057.5075,rt,2026-06-17,2026-06-16,2026-06-16 15:00:00,7,7,1_8,TimeMixer,-3.68,321.755126953125,305.0316467285156,0.0,-0.0
2026-06-17 08:00:00,384.75,258.39,66727.88,4530.2075,9173.06,28400.75,11488.0625,13703.2675,rt,2026-06-17,2026-06-16,2026-06-16 15:00:00,8,8,1_8,TimeMixer,258.39,206.57821655273438,157.40304565429688,0.0,-0.0
2026-06-17 09:00:00,350.0,263.38,66446.92,3524.61,14360.42,26296.75,9184.34,17885.03,rt,2026-06-17,2026-06-16,2026-06-16 15:00:00,9,9,9_16,TimeMixer,263.38,140.52822875976562,-25.103069305419922,0.0,-0.0
2026-06-17 10:00:00,300.0,255.56,63701.8925,2791.0425,18597.6075,24500.0,4809.9425,21388.65,rt,2026-06-17,2026-06-16,2026-06-16 15:00:00,10,10,9_16,TimeMixer,255.56,-47.6192626953125,-61.341087341308594,0.0,-0.0
2026-06-17 11:00:00,247.5,341.9,62602.3725,2158.8225,21220.005,23044.0,3223.745,23378.8275,rt,2026-06-17,2026-06-16,2026-06-16 15:00:00,11,11,9_16,TimeMixer,341.9,-96.74117279052734,-92.00023651123047,0.0,0.0
2026-06-17 12:00:00,171.788,454.49,60082.965,1769.22,22403.6975,22923.75,67.9975,24172.9175,rt,2026-06-17,2026-06-16,2026-06-16 15:00:00,12,12,9_16,TimeMixer,454.49,-119.79107666015625,-65.52423858642578,0.0,0.0
2026-06-17 13:00:00,105.0,437.43,55280.72,1628.2225,22246.1025,22923.75,-4430.655,23874.325,rt,2026-06-17,2026-06-16,2026-06-16 15:00:00,13,13,9_16,TimeMixer,437.43,-95.2908706665039,-42.66242980957031,0.0,0.0
2026-06-17 14:00:00,65.453,436.02,58580.19,1665.6825,20745.965,22998.25,224.4925,22411.6475,rt,2026-06-17,2026-06-16,2026-06-16 15:00:00,14,14,9_16,TimeMixer,436.02,-52.978118896484375,-62.670169830322266,0.0,0.0
2026-06-17 15:00:00,135.0,,62695.3,1865.065,17945.18,23204.0,6677.755,19810.245,rt,2026-06-17,2026-06-16,2026-06-16 15:00:00,15,15,9_16,TimeMixer,,25.994770050048828,-33.81831359863281,0.0,
2026-06-17 16:00:00,357.1,,67612.34,2175.29,13874.665,24739.25,13732.335,16049.955,rt,2026-06-17,2026-06-16,2026-06-16 15:00:00,16,16,9_16,TimeMixer,,265.1784362792969,152.22738647460938,0.0,
2026-06-17 17:00:00,448.355,,72561.1725,2495.0775,9040.08,27851.75,19960.965,11535.1575,rt,2026-06-17,2026-06-16,2026-06-16 15:00:00,17,17,17_24,TimeMixer,,404.6290283203125,311.80511474609375,0.0,
2026-06-17 18:00:00,550.0,,76857.315,2893.7075,4261.2175,29158.25,27308.34,7154.925,rt,2026-06-17,2026-06-16,2026-06-16 15:00:00,18,18,17_24,TimeMixer,,461.7314453125,448.3004455566406,0.0,
2026-06-17 19:00:00,600.0,,79464.6675,3496.7125,1128.745,29170.5,32427.91,4625.4575,rt,2026-06-17,2026-06-16,2026-06-16 15:00:00,19,19,17_24,TimeMixer,,498.42816162109375,460.74188232421875,0.0,
2026-06-17 20:00:00,519.163,,81421.6625,4374.1625,41.8425,28380.75,35384.1075,4416.005,rt,2026-06-17,2026-06-16,2026-06-16 15:00:00,20,20,17_24,TimeMixer,,513.3389282226562,463.398681640625,0.0,
2026-06-17 21:00:00,523.388,,80759.08,5360.39,0.0,26510.75,35647.14,5360.39,rt,2026-06-17,2026-06-16,2026-06-16 15:00:00,21,21,17_24,TimeMixer,,517.4688110351562,476.0968933105469,0.0,
2026-06-17 22:00:00,570.0,,78133.0175,6352.1975,0.0,25000.25,33539.77,6352.1975,rt,2026-06-17,2026-06-16,2026-06-16 15:00:00,22,22,17_24,TimeMixer,,507.68914794921875,479.6396179199219,0.0,
2026-06-17 23:00:00,574.75,,74124.1225,7218.0625,0.0,23826.5,29838.76,7218.0625,rt,2026-06-17,2026-06-16,2026-06-16 15:00:00,23,23,17_24,TimeMixer,,471.01019287109375,455.5858154296875,0.0,
2026-06-18 00:00:00,594.5,,72873.1425,7525.1875,0.0,22721.75,29385.405,7525.1875,rt,2026-06-18,2026-06-17,2026-06-17 15:00:00,0,24,17_24,TimeMixer,,,462.46722412109375,0.0,
2026-06-18 01:00:00,,,69363.87,6224.915,0.0,22921.75,26946.405,6224.915,rt,2026-06-18,2026-06-17,2026-06-17 15:00:00,1,1,1_8,TimeMixer,,,440.9745788574219,0.0,
2026-06-18 02:00:00,,,67123.905,5842.7775,0.0,22849.75,25160.5775,5842.7775,rt,2026-06-18,2026-06-17,2026-06-17 15:00:00,2,2,1_8,TimeMixer,,,431.6662292480469,0.0,
2026-06-18 03:00:00,,,65237.955,5336.2425,0.0,22826.5,23804.4125,5336.2425,rt,2026-06-18,2026-06-17,2026-06-17 15:00:00,3,3,1_8,TimeMixer,,,387.70343017578125,0.0,
2026-06-18 04:00:00,,,64413.13,4794.2,0.01,22555.25,23792.87,4794.21,rt,2026-06-18,2026-06-17,2026-06-17 15:00:00,4,4,1_8,TimeMixer,,,416.0897521972656,0.0,
2026-06-18 05:00:00,,,64943.535,4249.7075,32.02,22059.0,25332.0075,4281.7275,rt,2026-06-18,2026-06-17,2026-06-17 15:00:00,5,5,1_8,TimeMixer,,,400.9869689941406,0.0,
2026-06-18 06:00:00,,,66635.4575,3720.5075,1010.255,23890.0,24743.895,4730.7625,rt,2026-06-18,2026-06-17,2026-06-17 15:00:00,6,6,1_8,TimeMixer,,,421.9032287597656,0.0,
2026-06-18 07:00:00,,,67395.9775,3024.2725,3833.0075,27874.0,19401.3975,6857.28,rt,2026-06-18,2026-06-17,2026-06-17 15:00:00,7,7,1_8,TimeMixer,,,333.2132263183594,0.0,
2026-06-18 08:00:00,,,71974.495,2173.8925,7827.805,28401.0,20385.9975,10001.6975,rt,2026-06-18,2026-06-17,2026-06-17 15:00:00,8,8,1_8,TimeMixer,,,208.35850524902344,0.0,
2026-06-18 09:00:00,,,74090.1625,1569.2525,11728.0725,26509.25,21152.7875,13297.325,rt,2026-06-18,2026-06-17,2026-06-17 15:00:00,9,9,9_16,TimeMixer,,,161.0296173095703,0.0,
2026-06-18 10:00:00,,,73822.6325,1304.9625,14760.1325,24970.25,19733.9875,16065.095,rt,2026-06-18,2026-06-17,2026-06-17 15:00:00,10,10,9_16,TimeMixer,,,93.12518310546875,0.0,
2026-06-18 11:00:00,,,73568.135,1251.1775,16590.575,23787.25,18933.3325,17841.7525,rt,2026-06-18,2026-06-17,2026-06-17 15:00:00,11,11,9_16,TimeMixer,,,81.12289428710938,0.0,
2026-06-18 12:00:00,,,70585.275,1338.9925,17303.605,23697.25,15277.1275,18642.5975,rt,2026-06-18,2026-06-17,2026-06-17 15:00:00,12,12,9_16,TimeMixer,,,82.66146850585938,0.0,
2026-06-18 13:00:00,,,65028.515,1571.31,16900.7125,23704.25,9888.9425,18472.0225,rt,2026-06-18,2026-06-17,2026-06-17 15:00:00,13,13,9_16,TimeMixer,,,93.20745086669922,0.0,
2026-06-18 14:00:00,,,68058.025,1966.885,15432.225,23590.0,14073.115,17399.11,rt,2026-06-18,2026-06-17,2026-06-17 15:00:00,14,14,9_16,TimeMixer,,,97.88749694824219,0.0,
2026-06-18 15:00:00,,,72016.65,2439.085,12820.1725,23722.25,19981.8425,15259.2575,rt,2026-06-18,2026-06-17,2026-06-17 15:00:00,15,15,9_16,TimeMixer,,,137.77496337890625,0.0,
2026-06-18 16:00:00,,,75782.365,2877.055,9584.59,25273.0,24906.92,12461.645,rt,2026-06-18,2026-06-17,2026-06-17 15:00:00,16,16,9_16,TimeMixer,,,286.628662109375,0.0,
2026-06-18 17:00:00,,,78185.0375,3331.1925,6111.1025,28362.25,27117.1925,9442.295,rt,2026-06-18,2026-06-17,2026-06-17 15:00:00,17,17,17_24,TimeMixer,,,362.19183349609375,0.0,
2026-06-18 18:00:00,,,80126.4425,3791.745,2864.295,29499.0,30685.6025,6656.04,rt,2026-06-18,2026-06-17,2026-06-17 15:00:00,18,18,17_24,TimeMixer,,,447.4913330078125,0.0,
2026-06-18 19:00:00,,,81223.69,4311.9225,774.125,29609.0,33237.8425,5086.0475,rt,2026-06-18,2026-06-17,2026-06-17 15:00:00,19,19,17_24,TimeMixer,,,460.2506408691406,0.0,
2026-06-18 20:00:00,,,82693.925,5050.22,34.22,28840.0,35478.685,5084.44,rt,2026-06-18,2026-06-17,2026-06-17 15:00:00,20,20,17_24,TimeMixer,,,449.26806640625,0.0,
2026-06-18 21:00:00,,,81881.8525,5903.4825,0.0,26534.0,36153.57,5903.4825,rt,2026-06-18,2026-06-17,2026-06-17 15:00:00,21,21,17_24,TimeMixer,,,471.7814025878906,0.0,
2026-06-18 22:00:00,,,79201.655,6780.945,0.0,24950.0,34179.91,6780.945,rt,2026-06-18,2026-06-17,2026-06-17 15:00:00,22,22,17_24,TimeMixer,,,450.0869140625,0.0,
2026-06-18 23:00:00,,,75439.68,7473.7625,0.0,23680.0,30995.1175,7473.7625,rt,2026-06-18,2026-06-17,2026-06-17 15:00:00,23,23,17_24,TimeMixer,,,436.9839172363281,0.0,
